episode,method,seed,team_size,communication_mode,step,robot_id,previous_x,previous_y,preferred_x,preferred_y,proposed_x,proposed_y,actual_x,actual_y,path_increment,cumulative_robot_path,wait_flag,dynamic_blocked,static_blocked,consecutive_wait_steps,deadlock_flag,recovered_flag,revisit_flag,cross_robot_overlap_flag
51,LiteDARE-Full-ContactAware,5103082,4,none,0,0,16.0,24.0,16.0,24.0,16.0,24.0,16.0,24.0,0.0,0.0,True,False,False,0,False,False,False,False
51,LiteDARE-Full-ContactAware,5103082,4,none,0,1,-52.0,-56.0,-52.0,-56.0,-52.0,-56.0,-52.0,-56.0,0.0,0.0,True,False,False,0,False,False,False,False
51,LiteDARE-Full-ContactAware,5103082,4,none,0,2,-32.0,-60.0,-32.0,-60.0,-32.0,-60.0,-32.0,-60.0,0.0,0.0,True,False,False,0,False,False,False,False
51,LiteDARE-Full-ContactAware,5103082,4,none,0,3,16.0,8.0,16.0,8.0,16.0,8.0,16.0,8.0,0.0,0.0,True,False,False,0,False,False,False,False
51,LiteDARE-Full-ContactAware,5103082,4,none,1,0,16.0,24.0,16.0,16.0,16.0,16.0,16.0,16.0,8.0,8.0,False,False,False,0,False,False,False,False
51,LiteDARE-Full-ContactAware,5103082,4,none,1,1,-52.0,-56.0,-44.0,-56.0,-44.0,-56.0,-44.0,-56.0,8.0,8.0,False,False,False,0,False,False,False,False
51,LiteDARE-Full-ContactAware,5103082,4,none,1,2,-32.0,-60.0,-40.0,-56.0,-40.0,-56.0,-40.0,-56.0,8.9442720413208,8.9442720413208,False,False,False,0,False,False,False,False
51,LiteDARE-Full-ContactAware,5103082,4,none,1,3,16.0,8.0,20.0,16.0,20.0,16.0,20.0,16.0,8.9442720413208,8.9442720413208,False,False,False,0,False,False,False,False
51,LiteDARE-Full-ContactAware,5103082,4,none,2,0,16.0,16.0,16.0,8.0,16.0,8.0,16.0,8.0,8.0,16.0,False,False,False,0,False,False,True,True
51,LiteDARE-Full-ContactAware,5103082,4,none,2,1,-44.0,-56.0,-36.0,-56.0,-36.0,-56.0,-36.0,-56.0,8.0,16.0,False,False,False,0,False,False,False,False
51,LiteDARE-Full-ContactAware,5103082,4,none,2,2,-40.0,-56.0,-32.0,-60.0,-32.0,-56.0,-32.0,-56.0,8.0,16.9442720413208,False,False,False,0,False,False,False,False
51,LiteDARE-Full-ContactAware,5103082,4,none,2,3,20.0,16.0,20.0,8.0,20.0,8.0,20.0,8.0,8.0,16.9442720413208,False,False,False,0,False,False,False,False
51,LiteDARE-Full-ContactAware,5103082,4,none,3,0,16.0,8.0,20.0,4.0,20.0,4.0,20.0,4.0,5.656854152679443,21.656854152679443,False,False,False,0,False,False,False,False
51,LiteDARE-Full-ContactAware,5103082,4,none,3,1,-36.0,-56.0,-28.0,-56.0,-28.0,-56.0,-28.0,-56.0,8.0,24.0,False,False,False,0,False,False,False,False
51,LiteDARE-Full-ContactAware,5103082,4,none,3,2,-32.0,-56.0,-24.0,-60.0,-24.0,-60.0,-24.0,-60.0,8.9442720413208,25.8885440826416,False,False,False,0,False,False,False,False
51,LiteDARE-Full-ContactAware,5103082,4,none,3,3,20.0,8.0,24.0,0.0,24.0,0.0,24.0,0.0,8.9442720413208,25.8885440826416,False,False,False,0,False,False,False,False
51,LiteDARE-Full-ContactAware,5103082,4,none,4,0,20.0,4.0,24.0,-4.0,24.0,-4.0,24.0,-4.0,8.9442720413208,30.601126194000244,False,False,False,0,False,False,False,False
51,LiteDARE-Full-ContactAware,5103082,4,none,4,1,-28.0,-56.0,-20.0,-56.0,-20.0,-56.0,-20.0,-56.0,8.0,32.0,False,False,False,0,False,False,False,False
51,LiteDARE-Full-ContactAware,5103082,4,none,4,2,-24.0,-60.0,-16.0,-60.0,-16.0,-60.0,-16.0,-60.0,8.0,33.8885440826416,False,False,False,0,False,False,False,False
51,LiteDARE-Full-ContactAware,5103082,4,none,4,3,24.0,0.0,20.0,-8.0,20.0,-8.0,20.0,-8.0,8.9442720413208,34.8328161239624,False,False,False,0,False,False,False,False
51,LiteDARE-Full-ContactAware,5103082,4,none,5,0,24.0,-4.0,16.0,-8.0,16.0,-8.0,16.0,-8.0,8.9442720413208,39.545398235321045,False,False,False,0,False,False,False,False
51,LiteDARE-Full-ContactAware,5103082,4,none,5,1,-20.0,-56.0,-12.0,-56.0,-12.0,-56.0,-12.0,-56.0,8.0,40.0,False,False,False,0,False,False,False,False
51,LiteDARE-Full-ContactAware,5103082,4,none,5,2,-16.0,-60.0,-16.0,-56.0,-16.0,-56.0,-16.0,-56.0,4.0,37.8885440826416,False,False,False,0,False,False,False,False
51,LiteDARE-Full-ContactAware,5103082,4,none,5,3,20.0,-8.0,12.0,-8.0,12.0,-8.0,12.0,-8.0,8.0,42.8328161239624,False,False,False,0,False,False,False,False
51,LiteDARE-Full-ContactAware,5103082,4,none,6,0,16.0,-8.0,8.0,-8.0,8.0,-8.0,8.0,-8.0,8.0,47.545398235321045,False,False,False,0,False,False,False,False
51,LiteDARE-Full-ContactAware,5103082,4,none,6,1,-12.0,-56.0,-4.0,-56.0,-4.0,-56.0,-4.0,-56.0,8.0,48.0,False,False,False,0,False,False,False,False
51,LiteDARE-Full-ContactAware,5103082,4,none,6,2,-16.0,-56.0,-8.0,-56.0,-8.0,-56.0,-8.0,-56.0,8.0,45.8885440826416,False,False,False,0,False,False,False,False
51,LiteDARE-Full-ContactAware,5103082,4,none,6,3,12.0,-8.0,4.0,-8.0,4.0,-8.0,4.0,-8.0,8.0,50.8328161239624,False,False,False,0,False,False,False,False
51,LiteDARE-Full-ContactAware,5103082,4,none,7,0,8.0,-8.0,0.0,0.0,0.0,0.0,0.0,0.0,11.313708305358887,58.85910654067993,False,False,False,0,False,False,False,False
51,LiteDARE-Full-ContactAware,5103082,4,none,7,1,-4.0,-56.0,-4.0,-48.0,-4.0,-48.0,-4.0,-48.0,8.0,56.0,False,False,False,0,False,False,False,False
51,LiteDARE-Full-ContactAware,5103082,4,none,7,2,-8.0,-56.0,0.0,-48.0,0.0,-48.0,0.0,-48.0,11.313708305358887,57.20225238800049,False,False,False,0,False,False,False,False
51,LiteDARE-Full-ContactAware,5103082,4,none,7,3,4.0,-8.0,12.0,-8.0,8.0,-8.0,8.0,-8.0,4.0,54.8328161239624,False,False,False,0,False,False,True,True
51,LiteDARE-Full-ContactAware,5103082,4,none,8,0,0.0,0.0,8.0,-8.0,4.0,-8.0,4.0,-8.0,8.9442720413208,67.80337858200073,False,False,False,0,False,False,True,True
51,LiteDARE-Full-ContactAware,5103082,4,none,8,1,-4.0,-48.0,-4.0,-40.0,-4.0,-40.0,-4.0,-40.0,8.0,64.0,False,False,False,0,False,False,False,False
51,LiteDARE-Full-ContactAware,5103082,4,none,8,2,0.0,-48.0,0.0,-40.0,0.0,-40.0,0.0,-40.0,8.0,65.20225238800049,False,False,False,0,False,False,False,False
51,LiteDARE-Full-ContactAware,5103082,4,none,8,3,8.0,-8.0,16.0,-12.0,16.0,-12.0,16.0,-12.0,8.9442720413208,63.7770881652832,False,False,False,0,False,False,False,False
51,LiteDARE-Full-ContactAware,5103082,4,none,9,0,4.0,-8.0,12.0,-8.0,12.0,-8.0,12.0,-8.0,8.0,75.80337858200073,False,False,False,0,False,False,True,True
51,LiteDARE-Full-ContactAware,5103082,4,none,9,1,-4.0,-40.0,0.0,-32.0,0.0,-32.0,0.0,-32.0,8.9442720413208,72.9442720413208,False,False,False,0,False,False,False,False
51,LiteDARE-Full-ContactAware,5103082,4,none,9,2,0.0,-40.0,8.0,-40.0,8.0,-40.0,8.0,-40.0,8.0,73.20225238800049,False,False,False,0,False,False,False,False
51,LiteDARE-Full-ContactAware,5103082,4,none,9,3,16.0,-12.0,12.0,-20.0,12.0,-20.0,12.0,-20.0,8.9442720413208,72.721360206604,False,False,False,0,False,False,False,False
51,LiteDARE-Full-ContactAware,5103082,4,none,10,0,12.0,-8.0,12.0,-16.0,12.0,-16.0,12.0,-16.0,8.0,83.80337858200073,False,False,False,0,False,False,False,False
51,LiteDARE-Full-ContactAware,5103082,4,none,10,1,0.0,-32.0,-8.0,-28.0,-8.0,-28.0,-8.0,-28.0,8.9442720413208,81.8885440826416,False,False,False,0,False,False,False,False
51,LiteDARE-Full-ContactAware,5103082,4,none,10,2,8.0,-40.0,16.0,-36.0,16.0,-36.0,16.0,-36.0,8.9442720413208,82.14652442932129,False,False,False,0,False,False,False,False
51,LiteDARE-Full-ContactAware,5103082,4,none,10,3,12.0,-20.0,20.0,-28.0,20.0,-28.0,20.0,-28.0,11.313708305358887,84.03506851196289,False,False,False,0,False,False,False,False
51,LiteDARE-Full-ContactAware,5103082,4,none,11,0,12.0,-16.0,12.0,-24.0,12.0,-24.0,12.0,-24.0,8.0,91.80337858200073,False,False,False,0,False,False,False,False
51,LiteDARE-Full-ContactAware,5103082,4,none,11,1,-8.0,-28.0,-16.0,-20.0,-16.0,-20.0,-16.0,-20.0,11.313708305358887,93.20225238800049,False,False,False,0,False,False,False,False
51,LiteDARE-Full-ContactAware,5103082,4,none,11,2,16.0,-36.0,20.0,-32.0,20.0,-32.0,20.0,-32.0,5.656854152679443,87.80337858200073,False,False,False,0,False,False,False,False
51,LiteDARE-Full-ContactAware,5103082,4,none,11,3,20.0,-28.0,20.0,-36.0,20.0,-36.0,20.0,-36.0,8.0,92.03506851196289,False,False,False,0,False,False,False,False
51,LiteDARE-Full-ContactAware,5103082,4,none,12,0,12.0,-24.0,20.0,-32.0,20.0,-32.0,20.0,-32.0,11.313708305358887,103.11708688735962,False,False,False,0,False,False,True,True
51,LiteDARE-Full-ContactAware,5103082,4,none,12,1,-16.0,-20.0,-16.0,-12.0,-16.0,-12.0,-16.0,-12.0,8.0,101.20225238800049,False,False,False,0,False,False,False,False
51,LiteDARE-Full-ContactAware,5103082,4,none,12,2,20.0,-32.0,12.0,-28.0,12.0,-28.0,12.0,-28.0,8.9442720413208,96.74765062332153,False,False,False,0,False,False,False,False
51,LiteDARE-Full-ContactAware,5103082,4,none,12,3,20.0,-36.0,12.0,-36.0,12.0,-36.0,12.0,-36.0,8.0,100.03506851196289,False,False,False,0,False,False,False,False
51,LiteDARE-Full-ContactAware,5103082,4,none,13,0,20.0,-32.0,20.0,-40.0,20.0,-40.0,20.0,-40.0,8.0,111.11708688735962,False,False,False,0,False,False,False,False
51,LiteDARE-Full-ContactAware,5103082,4,none,13,1,-16.0,-12.0,-12.0,-20.0,-12.0,-20.0,-12.0,-20.0,8.9442720413208,110.14652442932129,False,False,False,0,False,False,False,False
51,LiteDARE-Full-ContactAware,5103082,4,none,13,2,12.0,-28.0,12.0,-20.0,12.0,-20.0,12.0,-20.0,8.0,104.74765062332153,False,False,False,0,False,False,True,True
51,LiteDARE-Full-ContactAware,5103082,4,none,13,3,12.0,-36.0,4.0,-36.0,4.0,-36.0,4.0,-36.0,8.0,108.03506851196289,False,False,False,0,False,False,False,False
51,LiteDARE-Full-ContactAware,5103082,4,none,14,0,20.0,-40.0,12.0,-40.0,12.0,-40.0,12.0,-40.0,8.0,119.11708688735962,False,False,False,0,False,False,False,False
51,LiteDARE-Full-ContactAware,5103082,4,none,14,1,-12.0,-20.0,-12.0,-28.0,-12.0,-28.0,-12.0,-28.0,8.0,118.14652442932129,False,False,False,0,False,False,False,False
51,LiteDARE-Full-ContactAware,5103082,4,none,14,2,12.0,-20.0,12.0,-12.0,12.0,-12.0,12.0,-12.0,8.0,112.74765062332153,False,False,False,0,False,False,False,False
51,LiteDARE-Full-ContactAware,5103082,4,none,14,3,4.0,-36.0,-4.0,-44.0,-4.0,-44.0,-4.0,-44.0,11.313708305358887,119.34877681732178,False,False,False,0,False,False,False,False
51,LiteDARE-Full-ContactAware,5103082,4,none,15,0,12.0,-40.0,4.0,-40.0,4.0,-40.0,4.0,-40.0,8.0,127.11708688735962,False,False,False,0,False,False,False,False
51,LiteDARE-Full-ContactAware,5103082,4,none,15,1,-12.0,-28.0,-4.0,-28.0,-4.0,-28.0,-4.0,-28.0,8.0,126.14652442932129,False,False,False,0,False,False,False,False
51,LiteDARE-Full-ContactAware,5103082,4,none,15,2,12.0,-12.0,16.0,-12.0,16.0,-12.0,16.0,-12.0,4.0,116.74765062332153,False,False,False,0,False,False,True,True
51,LiteDARE-Full-ContactAware,5103082,4,none,15,3,-4.0,-44.0,-4.0,-52.0,-4.0,-52.0,-4.0,-52.0,8.0,127.34877681732178,False,False,False,0,False,False,False,False
51,LiteDARE-Full-ContactAware,5103082,4,none,16,0,4.0,-40.0,4.0,-36.0,4.0,-36.0,4.0,-36.0,4.0,131.11708688735962,False,False,False,0,False,False,True,True
51,LiteDARE-Full-ContactAware,5103082,4,none,16,1,-4.0,-28.0,4.0,-36.0,4.0,-32.0,4.0,-32.0,8.9442720413208,135.0907964706421,False,False,False,0,False,False,False,False
51,LiteDARE-Full-ContactAware,5103082,4,none,16,2,16.0,-12.0,8.0,-8.0,8.0,-8.0,8.0,-8.0,8.9442720413208,125.69192266464233,False,False,False,0,False,False,True,True
51,LiteDARE-Full-ContactAware,5103082,4,none,16,3,-4.0,-52.0,-4.0,-44.0,0.0,-44.0,0.0,-44.0,8.9442720413208,136.29304885864258,False,False,False,0,False,False,False,False
51,LiteDARE-Full-ContactAware,5103082,4,none,17,0,4.0,-36.0,-4.0,-44.0,-4.0,-44.0,-4.0,-44.0,11.313708305358887,142.4307951927185,False,False,False,0,False,False,True,True
51,LiteDARE-Full-ContactAware,5103082,4,none,17,1,4.0,-32.0,8.0,-40.0,8.0,-40.0,8.0,-40.0,8.9442720413208,144.0350685119629,False,False,False,0,False,False,True,True
51,LiteDARE-Full-ContactAware,5103082,4,none,17,2,8.0,-8.0,0.0,0.0,0.0,0.0,0.0,0.0,11.313708305358887,137.00563097000122,False,False,False,0,False,False,True,True
51,LiteDARE-Full-ContactAware,5103082,4,none,17,3,0.0,-44.0,-4.0,-36.0,-4.0,-36.0,-4.0,-36.0,8.9442720413208,145.23732089996338,False,False,False,0,False,False,False,False
51,LiteDARE-Full-ContactAware,5103082,4,none,18,0,-4.0,-44.0,-4.0,-52.0,-4.0,-52.0,-4.0,-52.0,8.0,150.4307951927185,False,False,False,0,False,False,True,True
51,LiteDARE-Full-ContactAware,5103082,4,none,18,1,8.0,-40.0,16.0,-40.0,16.0,-40.0,16.0,-40.0,8.0,152.0350685119629,False,False,False,0,False,False,False,False
51,LiteDARE-Full-ContactAware,5103082,4,none,18,2,0.0,0.0,8.0,-8.0,4.0,-8.0,4.0,-8.0,8.9442720413208,145.94990301132202,False,False,False,0,False,False,True,True
51,LiteDARE-Full-ContactAware,5103082,4,none,18,3,-4.0,-36.0,-4.0,-28.0,-4.0,-28.0,-4.0,-28.0,8.0,153.23732089996338,False,False,False,0,False,False,True,True
51,LiteDARE-Full-ContactAware,5103082,4,none,19,0,-4.0,-52.0,-4.0,-44.0,0.0,-44.0,0.0,-44.0,8.9442720413208,159.3750672340393,False,False,False,0,False,False,True,True
51,LiteDARE-Full-ContactAware,5103082,4,none,19,1,16.0,-40.0,16.0,-32.0,16.0,-32.0,16.0,-32.0,8.0,160.0350685119629,False,False,False,0,False,False,False,False
51,LiteDARE-Full-ContactAware,5103082,4,none,19,2,4.0,-8.0,12.0,-8.0,12.0,-8.0,12.0,-8.0,8.0,153.94990301132202,False,False,False,0,False,False,True,True
51,LiteDARE-Full-ContactAware,5103082,4,none,19,3,-4.0,-28.0,-12.0,-28.0,-12.0,-28.0,-12.0,-28.0,8.0,161.23732089996338,False,False,False,0,False,False,True,True
51,LiteDARE-Full-ContactAware,5103082,4,none,20,0,0.0,-44.0,-4.0,-36.0,-4.0,-36.0,-4.0,-36.0,8.9442720413208,168.3193392753601,False,False,False,0,False,False,True,True
51,LiteDARE-Full-ContactAware,5103082,4,none,20,1,16.0,-32.0,16.0,-24.0,16.0,-24.0,16.0,-24.0,8.0,168.0350685119629,False,False,False,0,False,False,False,False
51,LiteDARE-Full-ContactAware,5103082,4,none,20,2,12.0,-8.0,20.0,-8.0,20.0,-8.0,20.0,-8.0,8.0,161.94990301132202,False,False,False,0,False,False,True,True
51,LiteDARE-Full-ContactAware,5103082,4,none,20,3,-12.0,-28.0,-20.0,-28.0,-20.0,-28.0,-20.0,-28.0,8.0,169.23732089996338,False,False,False,0,False,False,False,False
51,LiteDARE-Full-ContactAware,5103082,4,none,21,0,-4.0,-36.0,-4.0,-28.0,-4.0,-28.0,-4.0,-28.0,8.0,176.3193392753601,False,False,False,0,False,False,True,True
51,LiteDARE-Full-ContactAware,5103082,4,none,21,1,16.0,-24.0,12.0,-16.0,12.0,-16.0,12.0,-16.0,8.9442720413208,176.9793405532837,False,False,False,0,False,False,True,True
51,LiteDARE-Full-ContactAware,5103082,4,none,21,2,20.0,-8.0,24.0,0.0,24.0,0.0,24.0,0.0,8.9442720413208,170.89417505264282,False,False,False,0,False,False,True,True
51,LiteDARE-Full-ContactAware,5103082,4,none,21,3,-20.0,-28.0,-28.0,-32.0,-28.0,-32.0,-28.0,-32.0,8.9442720413208,178.18159294128418,False,False,False,0,False,False,False,False
51,LiteDARE-Full-ContactAware,5103082,4,none,22,0,-4.0,-28.0,-12.0,-28.0,-12.0,-28.0,-12.0,-28.0,8.0,184.3193392753601,False,False,False,0,False,False,True,True
51,LiteDARE-Full-ContactAware,5103082,4,none,22,1,12.0,-16.0,16.0,-24.0,12.0,-24.0,12.0,-24.0,8.0,184.9793405532837,False,False,False,0,False,False,True,True
51,LiteDARE-Full-ContactAware,5103082,4,none,22,2,24.0,0.0,20.0,4.0,20.0,4.0,20.0,4.0,5.656854152679443,176.55102920532227,False,False,False,0,False,False,True,True
51,LiteDARE-Full-ContactAware,5103082,4,none,22,3,-28.0,-32.0,-20.0,-28.0,-24.0,-28.0,-24.0,-28.0,5.656854152679443,183.83844709396362,False,False,False,0,False,False,False,False
51,LiteDARE-Full-ContactAware,5103082,4,none,23,0,-12.0,-28.0,-20.0,-28.0,-20.0,-28.0,-20.0,-28.0,8.0,192.3193392753601,False,False,False,0,False,False,True,True
51,LiteDARE-Full-ContactAware,5103082,4,none,23,1,12.0,-24.0,20.0,-32.0,20.0,-32.0,20.0,-32.0,11.313708305358887,196.29304885864258,False,False,False,0,False,False,True,True
51,LiteDARE-Full-ContactAware,5103082,4,none,23,2,20.0,4.0,16.0,12.0,16.0,12.0,16.0,12.0,8.9442720413208,185.49530124664307,False,False,False,0,False,False,False,False
51,LiteDARE-Full-ContactAware,5103082,4,none,23,3,-24.0,-28.0,-16.0,-24.0,-16.0,-24.0,-16.0,-24.0,8.9442720413208,192.78271913528442,False,False,False,0,False,False,False,False
51,LiteDARE-Full-ContactAware,5103082,4,none,24,0,-20.0,-28.0,-28.0,-32.0,-28.0,-32.0,-28.0,-32.0,8.9442720413208,201.2636113166809,False,False,False,0,False,False,True,True
51,LiteDARE-Full-ContactAware,5103082,4,none,24,1,20.0,-32.0,12.0,-40.0,12.0,-40.0,12.0,-40.0,11.313708305358887,207.60675716400146,False,False,False,0,False,False,True,True
51,LiteDARE-Full-ContactAware,5103082,4,none,24,2,16.0,12.0,16.0,20.0,16.0,20.0,16.0,20.0,8.0,193.49530124664307,False,False,False,0,False,False,False,False
51,LiteDARE-Full-ContactAware,5103082,4,none,24,3,-16.0,-24.0,-16.0,-16.0,-16.0,-16.0,-16.0,-16.0,8.0,200.78271913528442,False,False,False,0,False,False,False,False
51,LiteDARE-Full-ContactAware,5103082,4,none,25,0,-28.0,-32.0,-20.0,-28.0,-24.0,-28.0,-24.0,-28.0,5.656854152679443,206.92046546936035,False,False,False,0,False,False,True,True
51,LiteDARE-Full-ContactAware,5103082,4,none,25,1,12.0,-40.0,4.0,-36.0,4.0,-36.0,4.0,-36.0,8.9442720413208,216.55102920532227,False,False,False,0,False,False,True,True
51,LiteDARE-Full-ContactAware,5103082,4,none,25,2,16.0,20.0,20.0,12.0,20.0,12.0,20.0,12.0,8.9442720413208,202.43957328796387,False,False,False,0,False,False,False,False
51,LiteDARE-Full-ContactAware,5103082,4,none,25,3,-16.0,-16.0,-20.0,-8.0,-20.0,-8.0,-20.0,-8.0,8.9442720413208,209.72699117660522,False,False,False,0,False,False,False,False
51,LiteDARE-Full-ContactAware,5103082,4,none,26,0,-24.0,-28.0,-16.0,-24.0,-16.0,-24.0,-16.0,-24.0,8.9442720413208,215.86473751068115,False,False,False,0,False,False,True,True
51,LiteDARE-Full-ContactAware,5103082,4,none,26,1,4.0,-36.0,-4.0,-28.0,-4.0,-28.0,-4.0,-28.0,11.313708305358887,227.86473751068115,False,False,False,0,False,False,True,False
51,LiteDARE-Full-ContactAware,5103082,4,none,26,2,20.0,12.0,20.0,4.0,20.0,4.0,20.0,4.0,8.0,210.43957328796387,False,False,False,0,False,False,True,False
51,LiteDARE-Full-ContactAware,5103082,4,none,26,3,-20.0,-8.0,-20.0,-4.0,-20.0,-4.0,-20.0,-4.0,4.0,213.72699117660522,False,False,False,0,False,False,False,False
51,LiteDARE-Full-ContactAware,5103082,4,none,27,0,-16.0,-24.0,-16.0,-16.0,-16.0,-16.0,-16.0,-16.0,8.0,223.86473751068115,False,False,False,0,False,False,True,True
51,LiteDARE-Full-ContactAware,5103082,4,none,27,1,-4.0,-28.0,-12.0,-28.0,-12.0,-28.0,-12.0,-28.0,8.0,235.86473751068115,False,False,False,0,False,False,True,False
51,LiteDARE-Full-ContactAware,5103082,4,none,27,2,20.0,4.0,24.0,-4.0,24.0,-4.0,24.0,-4.0,8.9442720413208,219.38384532928467,False,False,False,0,False,False,True,True
51,LiteDARE-Full-ContactAware,5103082,4,none,27,3,-20.0,-4.0,-28.0,-4.0,-28.0,-4.0,-28.0,-4.0,8.0,221.72699117660522,False,False,False,0,False,False,False,False
51,LiteDARE-Full-ContactAware,5103082,4,none,28,0,-16.0,-16.0,-20.0,-8.0,-20.0,-8.0,-20.0,-8.0,8.9442720413208,232.80900955200195,False,False,False,0,False,False,True,True
51,LiteDARE-Full-ContactAware,5103082,4,none,28,1,-12.0,-28.0,-20.0,-28.0,-20.0,-28.0,-20.0,-28.0,8.0,243.86473751068115,False,False,False,0,False,False,True,True
51,LiteDARE-Full-ContactAware,5103082,4,none,28,2,24.0,-4.0,16.0,-12.0,16.0,-12.0,16.0,-12.0,11.313708305358887,230.69755363464355,False,False,False,0,False,False,True,False
51,LiteDARE-Full-ContactAware,5103082,4,none,28,3,-28.0,-4.0,-36.0,-12.0,-36.0,-12.0,-36.0,-12.0,11.313708305358887,233.0406994819641,False,False,False,0,False,False,False,False
51,LiteDARE-Full-ContactAware,5103082,4,none,29,0,-20.0,-8.0,-24.0,-4.0,-24.0,-4.0,-24.0,-4.0,5.656854152679443,238.4658637046814,False,False,False,0,False,False,False,False
51,LiteDARE-Full-ContactAware,5103082,4,none,29,1,-20.0,-28.0,-28.0,-32.0,-28.0,-32.0,-28.0,-32.0,8.9442720413208,252.80900955200195,False,False,False,0,False,False,True,True
51,LiteDARE-Full-ContactAware,5103082,4,none,29,2,16.0,-12.0,12.0,-20.0,12.0,-20.0,12.0,-20.0,8.9442720413208,239.64182567596436,False,False,False,0,False,False,True,False
51,LiteDARE-Full-ContactAware,5103082,4,none,29,3,-36.0,-12.0,-28.0,-4.0,-32.0,-4.0,-32.0,-4.0,8.9442720413208,241.9849715232849,False,False,False,0,False,False,False,False
51,LiteDARE-Full-ContactAware,5103082,4,none,30,0,-24.0,-4.0,-32.0,-4.0,-28.0,-4.0,-28.0,-4.0,4.0,242.4658637046814,False,False,False,0,False,False,True,True
51,LiteDARE-Full-ContactAware,5103082,4,none,30,1,-28.0,-32.0,-20.0,-28.0,-24.0,-28.0,-24.0,-28.0,5.656854152679443,258.4658637046814,False,False,False,0,False,False,True,True
51,LiteDARE-Full-ContactAware,5103082,4,none,30,2,12.0,-20.0,16.0,-28.0,16.0,-28.0,16.0,-28.0,8.9442720413208,248.58609771728516,False,False,False,0,False,False,False,False
51,LiteDARE-Full-ContactAware,5103082,4,none,30,3,-32.0,-4.0,-24.0,-4.0,-24.0,-4.0,-24.0,-4.0,8.0,249.9849715232849,False,False,False,0,False,False,True,True
51,LiteDARE-Full-ContactAware,5103082,4,none,31,0,-28.0,-4.0,-36.0,-12.0,-36.0,-12.0,-36.0,-12.0,11.313708305358887,253.77957201004028,False,False,False,0,False,False,True,True
51,LiteDARE-Full-ContactAware,5103082,4,none,31,1,-24.0,-28.0,-16.0,-24.0,-16.0,-24.0,-16.0,-24.0,8.9442720413208,267.4101357460022,False,False,False,0,False,False,True,True
51,LiteDARE-Full-ContactAware,5103082,4,none,31,2,16.0,-28.0,16.0,-36.0,16.0,-36.0,16.0,-36.0,8.0,256.58609771728516,False,False,False,0,False,False,True,False
51,LiteDARE-Full-ContactAware,5103082,4,none,31,3,-24.0,-4.0,-24.0,4.0,-24.0,4.0,-24.0,4.0,8.0,257.9849715232849,False,False,False,0,False,False,False,False
51,LiteDARE-Full-ContactAware,5103082,4,none,32,0,-36.0,-12.0,-28.0,-4.0,-32.0,-4.0,-32.0,-4.0,8.9442720413208,262.7238440513611,False,False,False,0,False,False,True,True
51,LiteDARE-Full-ContactAware,5103082,4,none,32,1,-16.0,-24.0,-16.0,-16.0,-16.0,-16.0,-16.0,-16.0,8.0,275.4101357460022,False,False,False,0,False,False,True,True
51,LiteDARE-Full-ContactAware,5103082,4,none,32,2,16.0,-36.0,8.0,-36.0,8.0,-36.0,8.0,-36.0,8.0,264.58609771728516,False,False,False,0,False,False,False,False
51,LiteDARE-Full-ContactAware,5103082,4,none,32,3,-24.0,4.0,-24.0,12.0,-24.0,12.0,-24.0,12.0,8.0,265.9849715232849,False,False,False,0,False,False,False,False
51,LiteDARE-Full-ContactAware,5103082,4,none,33,0,-32.0,-4.0,-24.0,-4.0,-24.0,-4.0,-24.0,-4.0,8.0,270.7238440513611,False,False,False,0,False,False,True,False
51,LiteDARE-Full-ContactAware,5103082,4,none,33,1,-16.0,-16.0,-20.0,-8.0,-20.0,-8.0,-20.0,-8.0,8.9442720413208,284.354407787323,False,False,False,0,False,False,True,True
51,LiteDARE-Full-ContactAware,5103082,4,none,33,2,8.0,-36.0,0.0,-36.0,0.0,-36.0,0.0,-36.0,8.0,272.58609771728516,False,False,False,0,False,False,False,False
51,LiteDARE-Full-ContactAware,5103082,4,none,33,3,-24.0,12.0,-24.0,20.0,-24.0,20.0,-24.0,20.0,8.0,273.9849715232849,False,False,False,0,False,False,False,False
51,LiteDARE-Full-ContactAware,5103082,4,none,34,0,-24.0,-4.0,-24.0,4.0,-24.0,4.0,-24.0,4.0,8.0,278.7238440513611,False,False,False,0,False,False,True,True
51,LiteDARE-Full-ContactAware,5103082,4,none,34,1,-20.0,-8.0,-20.0,-4.0,-20.0,-4.0,-20.0,-4.0,4.0,288.354407787323,False,False,False,0,False,False,True,True
51,LiteDARE-Full-ContactAware,5103082,4,none,34,2,0.0,-36.0,-4.0,-28.0,-4.0,-28.0,-4.0,-28.0,8.9442720413208,281.53036975860596,False,False,False,0,False,False,True,True
51,LiteDARE-Full-ContactAware,5103082,4,none,34,3,-24.0,20.0,-16.0,24.0,-16.0,24.0,-16.0,24.0,8.9442720413208,282.9292435646057,False,False,False,0,False,False,False,False
51,LiteDARE-Full-ContactAware,5103082,4,none,35,0,-24.0,4.0,-24.0,12.0,-24.0,12.0,-24.0,12.0,8.0,286.7238440513611,False,False,False,0,False,False,True,True
51,LiteDARE-Full-ContactAware,5103082,4,none,35,1,-20.0,-4.0,-28.0,-4.0,-28.0,-4.0,-28.0,-4.0,8.0,296.354407787323,False,False,False,0,False,False,True,True
51,LiteDARE-Full-ContactAware,5103082,4,none,35,2,-4.0,-28.0,-12.0,-28.0,-12.0,-28.0,-12.0,-28.0,8.0,289.53036975860596,False,False,False,0,False,False,True,True
51,LiteDARE-Full-ContactAware,5103082,4,none,35,3,-16.0,24.0,-8.0,24.0,-8.0,24.0,-8.0,24.0,8.0,290.9292435646057,False,False,False,0,False,False,False,False
51,LiteDARE-Full-ContactAware,5103082,4,none,36,0,-24.0,12.0,-24.0,20.0,-24.0,20.0,-24.0,20.0,8.0,294.7238440513611,False,False,False,0,False,False,True,True
51,LiteDARE-Full-ContactAware,5103082,4,none,36,1,-28.0,-4.0,-36.0,-12.0,-36.0,-12.0,-36.0,-12.0,11.313708305358887,307.6681160926819,False,False,False,0,False,False,True,True
51,LiteDARE-Full-ContactAware,5103082,4,none,36,2,-12.0,-28.0,-20.0,-28.0,-20.0,-28.0,-20.0,-28.0,8.0,297.53036975860596,False,False,False,0,False,False,True,True
51,LiteDARE-Full-ContactAware,5103082,4,none,36,3,-8.0,24.0,-16.0,20.0,-16.0,20.0,-16.0,20.0,8.9442720413208,299.8735156059265,False,False,False,0,False,False,False,False
51,LiteDARE-Full-ContactAware,5103082,4,none,37,0,-24.0,20.0,-16.0,24.0,-16.0,24.0,-16.0,24.0,8.9442720413208,303.6681160926819,False,False,False,0,False,False,True,True
51,LiteDARE-Full-ContactAware,5103082,4,none,37,1,-36.0,-12.0,-28.0,-4.0,-32.0,-4.0,-32.0,-4.0,8.9442720413208,316.6123881340027,False,False,False,0,False,False,True,True
51,LiteDARE-Full-ContactAware,5103082,4,none,37,2,-20.0,-28.0,-28.0,-32.0,-28.0,-32.0,-28.0,-32.0,8.9442720413208,306.47464179992676,False,False,False,0,False,False,True,True
51,LiteDARE-Full-ContactAware,5103082,4,none,37,3,-16.0,20.0,-24.0,20.0,-24.0,20.0,-24.0,20.0,8.0,307.8735156059265,False,False,False,0,False,False,True,False
51,LiteDARE-Full-ContactAware,5103082,4,none,38,0,-16.0,24.0,-8.0,24.0,-8.0,24.0,-8.0,24.0,8.0,311.6681160926819,False,False,False,0,False,False,True,True
51,LiteDARE-Full-ContactAware,5103082,4,none,38,1,-32.0,-4.0,-24.0,-4.0,-24.0,-4.0,-24.0,-4.0,8.0,324.6123881340027,False,False,False,0,False,False,True,True
51,LiteDARE-Full-ContactAware,5103082,4,none,38,2,-28.0,-32.0,-20.0,-28.0,-24.0,-28.0,-24.0,-28.0,5.656854152679443,312.1314959526062,False,False,False,0,False,False,True,True
51,LiteDARE-Full-ContactAware,5103082,4,none,38,3,-24.0,20.0,-32.0,20.0,-32.0,20.0,-32.0,20.0,8.0,315.8735156059265,False,False,False,0,False,False,False,False
51,LiteDARE-Full-ContactAware,5103082,4,none,39,0,-8.0,24.0,-16.0,20.0,-16.0,20.0,-16.0,20.0,8.9442720413208,320.6123881340027,False,False,False,0,False,False,True,True
51,LiteDARE-Full-ContactAware,5103082,4,none,39,1,-24.0,-4.0,-24.0,4.0,-24.0,4.0,-24.0,4.0,8.0,332.6123881340027,False,False,False,0,False,False,True,True
51,LiteDARE-Full-ContactAware,5103082,4,none,39,2,-24.0,-28.0,-16.0,-24.0,-16.0,-24.0,-16.0,-24.0,8.9442720413208,321.075767993927,False,False,False,0,False,False,True,True
51,LiteDARE-Full-ContactAware,5103082,4,none,39,3,-32.0,20.0,-40.0,20.0,-40.0,20.0,-40.0,20.0,8.0,323.8735156059265,False,False,False,0,False,False,False,False
51,LiteDARE-Full-ContactAware,5103082,4,none,40,0,-16.0,20.0,-24.0,20.0,-24.0,20.0,-24.0,20.0,8.0,328.6123881340027,False,False,False,0,False,False,True,False
51,LiteDARE-Full-ContactAware,5103082,4,none,40,1,-24.0,4.0,-24.0,12.0,-24.0,12.0,-24.0,12.0,8.0,340.6123881340027,False,False,False,0,False,False,True,True
51,LiteDARE-Full-ContactAware,5103082,4,none,40,2,-16.0,-24.0,-16.0,-16.0,-16.0,-16.0,-16.0,-16.0,8.0,329.075767993927,False,False,False,0,False,False,True,True
51,LiteDARE-Full-ContactAware,5103082,4,none,40,3,-40.0,20.0,-32.0,20.0,-32.0,24.0,-32.0,24.0,8.9442720413208,332.8177876472473,False,False,False,0,False,False,False,False
51,LiteDARE-Full-ContactAware,5103082,4,none,41,0,-24.0,20.0,-32.0,20.0,-32.0,20.0,-32.0,20.0,8.0,336.6123881340027,False,False,False,0,False,False,True,True
51,LiteDARE-Full-ContactAware,5103082,4,none,41,1,-24.0,12.0,-24.0,20.0,-24.0,20.0,-24.0,20.0,8.0,348.6123881340027,False,False,False,0,False,False,True,True
51,LiteDARE-Full-ContactAware,5103082,4,none,41,2,-16.0,-16.0,-20.0,-8.0,-20.0,-8.0,-20.0,-8.0,8.9442720413208,338.0200400352478,False,False,False,0,False,False,True,True
51,LiteDARE-Full-ContactAware,5103082,4,none,41,3,-32.0,24.0,-24.0,16.0,-24.0,16.0,-24.0,16.0,11.313708305358887,344.1314959526062,False,False,False,0,False,False,False,False
51,LiteDARE-Full-ContactAware,5103082,4,none,42,0,-32.0,20.0,-40.0,20.0,-40.0,20.0,-40.0,20.0,8.0,344.6123881340027,False,False,False,0,False,False,True,True
51,LiteDARE-Full-ContactAware,5103082,4,none,42,1,-24.0,20.0,-16.0,24.0,-16.0,24.0,-16.0,24.0,8.9442720413208,357.5566601753235,False,False,False,0,False,False,True,True
51,LiteDARE-Full-ContactAware,5103082,4,none,42,2,-20.0,-8.0,-20.0,-4.0,-20.0,-4.0,-20.0,-4.0,4.0,342.0200400352478,False,False,False,0,False,False,True,True
51,LiteDARE-Full-ContactAware,5103082,4,none,42,3,-24.0,16.0,-20.0,8.0,-20.0,8.0,-20.0,8.0,8.9442720413208,353.075767993927,False,False,False,0,False,False,False,False
51,LiteDARE-Full-ContactAware,5103082,4,none,43,0,-40.0,20.0,-32.0,20.0,-32.0,24.0,-32.0,24.0,8.9442720413208,353.5566601753235,False,False,False,0,False,False,True,True
51,LiteDARE-Full-ContactAware,5103082,4,none,43,1,-16.0,24.0,-8.0,24.0,-8.0,24.0,-8.0,24.0,8.0,365.5566601753235,False,False,False,0,False,False,True,True
51,LiteDARE-Full-ContactAware,5103082,4,none,43,2,-20.0,-4.0,-28.0,-4.0,-28.0,-4.0,-28.0,-4.0,8.0,350.0200400352478,False,False,False,0,False,False,True,True
51,LiteDARE-Full-ContactAware,5103082,4,none,43,3,-20.0,8.0,-16.0,0.0,-16.0,0.0,-16.0,0.0,8.9442720413208,362.0200400352478,False,False,False,0,False,False,False,False
51,LiteDARE-Full-ContactAware,5103082,4,none,44,0,-32.0,24.0,-24.0,16.0,-24.0,16.0,-24.0,16.0,11.313708305358887,364.8703684806824,False,False,False,0,False,False,True,True
51,LiteDARE-Full-ContactAware,5103082,4,none,44,1,-8.0,24.0,-16.0,20.0,-16.0,20.0,-16.0,20.0,8.9442720413208,374.5009322166443,False,False,False,0,False,False,True,True
51,LiteDARE-Full-ContactAware,5103082,4,none,44,2,-28.0,-4.0,-36.0,-12.0,-36.0,-12.0,-36.0,-12.0,11.313708305358887,361.3337483406067,False,False,False,0,False,False,True,True
51,LiteDARE-Full-ContactAware,5103082,4,none,44,3,-16.0,0.0,-16.0,-8.0,-16.0,-8.0,-16.0,-8.0,8.0,370.0200400352478,False,False,False,0,False,False,False,False
51,LiteDARE-Full-ContactAware,5103082,4,none,45,0,-24.0,16.0,-20.0,8.0,-20.0,8.0,-20.0,8.0,8.9442720413208,373.8146405220032,False,False,False,0,False,False,True,True
51,LiteDARE-Full-ContactAware,5103082,4,none,45,1,-16.0,20.0,-24.0,20.0,-24.0,20.0,-24.0,20.0,8.0,382.5009322166443,False,False,False,0,False,False,True,False
51,LiteDARE-Full-ContactAware,5103082,4,none,45,2,-36.0,-12.0,-28.0,-4.0,-32.0,-4.0,-32.0,-4.0,8.9442720413208,370.2780203819275,False,False,False,0,False,False,True,True
51,LiteDARE-Full-ContactAware,5103082,4,none,45,3,-16.0,-8.0,-16.0,-16.0,-16.0,-16.0,-16.0,-16.0,8.0,378.0200400352478,False,False,False,0,False,False,True,False
51,LiteDARE-Full-ContactAware,5103082,4,none,46,0,-20.0,8.0,-16.0,0.0,-16.0,0.0,-16.0,0.0,8.9442720413208,382.758912563324,False,False,False,0,False,False,True,True
51,LiteDARE-Full-ContactAware,5103082,4,none,46,1,-24.0,20.0,-32.0,20.0,-32.0,20.0,-32.0,20.0,8.0,390.5009322166443,False,False,False,0,False,False,True,True
51,LiteDARE-Full-ContactAware,5103082,4,none,46,2,-32.0,-4.0,-24.0,-4.0,-24.0,-4.0,-24.0,-4.0,8.0,378.2780203819275,False,False,False,0,False,False,True,True
51,LiteDARE-Full-ContactAware,5103082,4,none,46,3,-16.0,-16.0,-16.0,-24.0,-16.0,-24.0,-16.0,-24.0,8.0,386.0200400352478,False,False,False,0,False,False,True,False
51,LiteDARE-Full-ContactAware,5103082,4,none,47,0,-16.0,0.0,-16.0,-8.0,-16.0,-8.0,-16.0,-8.0,8.0,390.758912563324,False,False,False,0,False,False,True,True
51,LiteDARE-Full-ContactAware,5103082,4,none,47,1,-32.0,20.0,-40.0,20.0,-40.0,20.0,-40.0,20.0,8.0,398.5009322166443,False,False,False,0,False,False,True,True
51,LiteDARE-Full-ContactAware,5103082,4,none,47,2,-24.0,-4.0,-24.0,4.0,-24.0,4.0,-24.0,4.0,8.0,386.2780203819275,False,False,False,0,False,False,True,True
51,LiteDARE-Full-ContactAware,5103082,4,none,47,3,-16.0,-24.0,-24.0,-28.0,-24.0,-28.0,-24.0,-28.0,8.9442720413208,394.9643120765686,False,False,False,0,False,False,True,False
51,LiteDARE-Full-ContactAware,5103082,4,none,48,0,-16.0,-8.0,-16.0,-16.0,-16.0,-16.0,-16.0,-16.0,8.0,398.758912563324,False,False,False,0,False,False,True,False
51,LiteDARE-Full-ContactAware,5103082,4,none,48,1,-40.0,20.0,-32.0,20.0,-32.0,24.0,-32.0,24.0,8.9442720413208,407.4452042579651,False,False,False,0,False,False,True,True
51,LiteDARE-Full-ContactAware,5103082,4,none,48,2,-24.0,4.0,-24.0,12.0,-24.0,12.0,-24.0,12.0,8.0,394.2780203819275,False,False,False,0,False,False,True,True
51,LiteDARE-Full-ContactAware,5103082,4,none,48,3,-24.0,-28.0,-32.0,-28.0,-32.0,-28.0,-32.0,-28.0,8.0,402.9643120765686,False,False,False,0,False,False,False,False
51,LiteDARE-Full-ContactAware,5103082,4,none,49,0,-16.0,-16.0,-16.0,-24.0,-16.0,-24.0,-16.0,-24.0,8.0,406.758912563324,False,False,False,0,False,False,True,False
51,LiteDARE-Full-ContactAware,5103082,4,none,49,1,-32.0,24.0,-24.0,16.0,-24.0,16.0,-24.0,16.0,11.313708305358887,418.758912563324,False,False,False,0,False,False,True,True
51,LiteDARE-Full-ContactAware,5103082,4,none,49,2,-24.0,12.0,-24.0,20.0,-24.0,20.0,-24.0,20.0,8.0,402.2780203819275,False,False,False,0,False,False,True,True
51,LiteDARE-Full-ContactAware,5103082,4,none,49,3,-32.0,-28.0,-40.0,-28.0,-40.0,-28.0,-40.0,-28.0,8.0,410.9643120765686,False,False,False,0,False,False,False,False
