episode,method,seed,team_size,communication_mode,step,robot_id,previous_x,previous_y,preferred_x,preferred_y,proposed_x,proposed_y,actual_x,actual_y,path_increment,cumulative_robot_path,wait_flag,dynamic_blocked,static_blocked,consecutive_wait_steps,deadlock_flag,recovered_flag,revisit_flag,cross_robot_overlap_flag
27,LiteDARE-MapOnly,2703102,6,compressed,0,0,24.0,-48.0,24.0,-48.0,24.0,-48.0,24.0,-48.0,0.0,0.0,True,False,False,0,False,False,False,False
27,LiteDARE-MapOnly,2703102,6,compressed,0,1,-24.0,-28.0,-24.0,-28.0,-24.0,-28.0,-24.0,-28.0,0.0,0.0,True,False,False,0,False,False,False,False
27,LiteDARE-MapOnly,2703102,6,compressed,0,2,0.0,4.0,0.0,4.0,0.0,4.0,0.0,4.0,0.0,0.0,True,False,False,0,False,False,False,False
27,LiteDARE-MapOnly,2703102,6,compressed,0,3,-56.0,-32.0,-56.0,-32.0,-56.0,-32.0,-56.0,-32.0,0.0,0.0,True,False,False,0,False,False,False,False
27,LiteDARE-MapOnly,2703102,6,compressed,0,4,-24.0,-4.0,-24.0,-4.0,-24.0,-4.0,-24.0,-4.0,0.0,0.0,True,False,False,0,False,False,False,False
27,LiteDARE-MapOnly,2703102,6,compressed,0,5,-40.0,-8.0,-40.0,-8.0,-40.0,-8.0,-40.0,-8.0,0.0,0.0,True,False,False,0,False,False,False,False
27,LiteDARE-MapOnly,2703102,6,compressed,1,0,24.0,-48.0,20.0,-52.0,20.0,-52.0,20.0,-52.0,5.656854152679443,5.656854152679443,False,False,False,0,False,False,False,False
27,LiteDARE-MapOnly,2703102,6,compressed,1,1,-24.0,-28.0,-32.0,-28.0,-32.0,-28.0,-32.0,-28.0,8.0,8.0,False,False,False,0,False,False,False,False
27,LiteDARE-MapOnly,2703102,6,compressed,1,2,0.0,4.0,-8.0,-4.0,-8.0,-4.0,-8.0,-4.0,11.313708305358887,11.313708305358887,False,False,False,0,False,False,False,False
27,LiteDARE-MapOnly,2703102,6,compressed,1,3,-56.0,-32.0,-56.0,-28.0,-56.0,-28.0,-56.0,-28.0,4.0,4.0,False,False,False,0,False,False,False,False
27,LiteDARE-MapOnly,2703102,6,compressed,1,4,-24.0,-4.0,-28.0,-8.0,-28.0,-8.0,-28.0,-8.0,5.656854152679443,5.656854152679443,False,False,False,0,False,False,False,False
27,LiteDARE-MapOnly,2703102,6,compressed,1,5,-40.0,-8.0,-48.0,-4.0,-48.0,-4.0,-48.0,-4.0,8.9442720413208,8.9442720413208,False,False,False,0,False,False,False,False
27,LiteDARE-MapOnly,2703102,6,compressed,2,0,20.0,-52.0,16.0,-52.0,16.0,-52.0,16.0,-52.0,4.0,9.656854152679443,False,False,False,0,False,False,False,False
27,LiteDARE-MapOnly,2703102,6,compressed,2,1,-32.0,-28.0,-40.0,-28.0,-40.0,-28.0,-40.0,-28.0,8.0,16.0,False,False,False,0,False,False,False,False
27,LiteDARE-MapOnly,2703102,6,compressed,2,2,-8.0,-4.0,-16.0,-4.0,-16.0,-4.0,-16.0,-4.0,8.0,19.313708305358887,False,False,False,0,False,False,False,False
27,LiteDARE-MapOnly,2703102,6,compressed,2,3,-56.0,-28.0,-64.0,-20.0,-64.0,-20.0,-64.0,-20.0,11.313708305358887,15.313708305358887,False,False,False,0,False,False,False,False
27,LiteDARE-MapOnly,2703102,6,compressed,2,4,-28.0,-8.0,-24.0,-4.0,-24.0,-4.0,-24.0,-4.0,5.656854152679443,11.313708305358887,False,False,False,0,False,False,True,False
27,LiteDARE-MapOnly,2703102,6,compressed,2,5,-48.0,-4.0,-56.0,-4.0,-56.0,-4.0,-56.0,-4.0,8.0,16.9442720413208,False,False,False,0,False,False,False,False
27,LiteDARE-MapOnly,2703102,6,compressed,3,0,16.0,-52.0,20.0,-48.0,20.0,-48.0,20.0,-48.0,5.656854152679443,15.313708305358887,False,False,False,0,False,False,False,False
27,LiteDARE-MapOnly,2703102,6,compressed,3,1,-40.0,-28.0,-44.0,-24.0,-44.0,-24.0,-44.0,-24.0,5.656854152679443,21.656854152679443,False,False,False,0,False,False,False,False
27,LiteDARE-MapOnly,2703102,6,compressed,3,2,-16.0,-4.0,-24.0,-4.0,-24.0,-4.0,-24.0,-4.0,8.0,27.313708305358887,False,False,False,0,False,False,True,True
27,LiteDARE-MapOnly,2703102,6,compressed,3,3,-64.0,-20.0,-60.0,-20.0,-60.0,-20.0,-60.0,-20.0,4.0,19.313708305358887,False,False,False,0,False,False,False,False
27,LiteDARE-MapOnly,2703102,6,compressed,3,4,-24.0,-4.0,-24.0,0.0,-24.0,0.0,-24.0,0.0,4.0,15.313708305358887,False,False,False,0,False,False,False,False
27,LiteDARE-MapOnly,2703102,6,compressed,3,5,-56.0,-4.0,-56.0,0.0,-56.0,0.0,-56.0,0.0,4.0,20.9442720413208,False,False,False,0,False,False,False,False
27,LiteDARE-MapOnly,2703102,6,compressed,4,0,20.0,-48.0,12.0,-48.0,12.0,-48.0,12.0,-48.0,8.0,23.313708305358887,False,False,False,0,False,False,False,False
27,LiteDARE-MapOnly,2703102,6,compressed,4,1,-44.0,-24.0,-44.0,-20.0,-44.0,-20.0,-44.0,-20.0,4.0,25.656854152679443,False,False,False,0,False,False,False,False
27,LiteDARE-MapOnly,2703102,6,compressed,4,2,-24.0,-4.0,-24.0,-12.0,-24.0,-12.0,-24.0,-12.0,8.0,35.31370830535889,False,False,False,0,False,False,False,False
27,LiteDARE-MapOnly,2703102,6,compressed,4,3,-60.0,-20.0,-52.0,-24.0,-52.0,-24.0,-52.0,-24.0,8.9442720413208,28.257980346679688,False,False,False,0,False,False,False,False
27,LiteDARE-MapOnly,2703102,6,compressed,4,4,-24.0,0.0,-24.0,4.0,-24.0,4.0,-24.0,4.0,4.0,19.313708305358887,False,False,False,0,False,False,False,False
27,LiteDARE-MapOnly,2703102,6,compressed,4,5,-56.0,0.0,-56.0,4.0,-56.0,4.0,-56.0,4.0,4.0,24.9442720413208,False,False,False,0,False,False,False,False
27,LiteDARE-MapOnly,2703102,6,compressed,5,0,12.0,-48.0,8.0,-52.0,8.0,-52.0,8.0,-52.0,5.656854152679443,28.97056245803833,False,False,False,0,False,False,False,False
27,LiteDARE-MapOnly,2703102,6,compressed,5,1,-44.0,-20.0,-48.0,-12.0,-48.0,-12.0,-48.0,-12.0,8.9442720413208,34.601126194000244,False,False,False,0,False,False,False,False
27,LiteDARE-MapOnly,2703102,6,compressed,5,2,-24.0,-12.0,-20.0,-20.0,-20.0,-20.0,-20.0,-20.0,8.9442720413208,44.25798034667969,False,False,False,0,False,False,False,False
27,LiteDARE-MapOnly,2703102,6,compressed,5,3,-52.0,-24.0,-48.0,-24.0,-48.0,-24.0,-48.0,-24.0,4.0,32.25798034667969,False,False,False,0,False,False,False,False
27,LiteDARE-MapOnly,2703102,6,compressed,5,4,-24.0,4.0,-20.0,8.0,-20.0,8.0,-20.0,8.0,5.656854152679443,24.97056245803833,False,False,False,0,False,False,False,False
27,LiteDARE-MapOnly,2703102,6,compressed,5,5,-56.0,4.0,-56.0,8.0,-56.0,8.0,-56.0,8.0,4.0,28.9442720413208,False,False,False,0,False,False,False,False
27,LiteDARE-MapOnly,2703102,6,compressed,6,0,8.0,-52.0,0.0,-48.0,0.0,-48.0,0.0,-48.0,8.9442720413208,37.91483449935913,False,False,False,0,False,False,False,False
27,LiteDARE-MapOnly,2703102,6,compressed,6,1,-48.0,-12.0,-44.0,-8.0,-44.0,-8.0,-44.0,-8.0,5.656854152679443,40.25798034667969,False,False,False,0,False,False,False,False
27,LiteDARE-MapOnly,2703102,6,compressed,6,2,-20.0,-20.0,-24.0,-24.0,-24.0,-24.0,-24.0,-24.0,5.656854152679443,49.91483449935913,False,False,False,0,False,False,False,False
27,LiteDARE-MapOnly,2703102,6,compressed,6,3,-48.0,-24.0,-48.0,-32.0,-48.0,-32.0,-48.0,-32.0,8.0,40.25798034667969,False,False,False,0,False,False,False,False
27,LiteDARE-MapOnly,2703102,6,compressed,6,4,-20.0,8.0,-24.0,12.0,-24.0,12.0,-24.0,12.0,5.656854152679443,30.627416610717773,False,False,False,0,False,False,False,False
27,LiteDARE-MapOnly,2703102,6,compressed,6,5,-56.0,8.0,-56.0,12.0,-56.0,12.0,-56.0,12.0,4.0,32.9442720413208,False,False,False,0,False,False,False,False
27,LiteDARE-MapOnly,2703102,6,compressed,7,0,0.0,-48.0,-4.0,-48.0,-4.0,-48.0,-4.0,-48.0,4.0,41.91483449935913,False,False,False,0,False,False,False,False
27,LiteDARE-MapOnly,2703102,6,compressed,7,1,-44.0,-8.0,-48.0,-8.0,-48.0,-8.0,-48.0,-8.0,4.0,44.25798034667969,False,False,False,0,False,False,False,False
27,LiteDARE-MapOnly,2703102,6,compressed,7,2,-24.0,-24.0,-28.0,-28.0,-28.0,-28.0,-28.0,-28.0,5.656854152679443,55.571688652038574,False,False,False,0,False,False,False,False
27,LiteDARE-MapOnly,2703102,6,compressed,7,3,-48.0,-32.0,-48.0,-40.0,-48.0,-40.0,-48.0,-40.0,8.0,48.25798034667969,False,False,False,0,False,False,False,False
27,LiteDARE-MapOnly,2703102,6,compressed,7,4,-24.0,12.0,-20.0,16.0,-20.0,16.0,-20.0,16.0,5.656854152679443,36.28427076339722,False,False,False,0,False,False,False,False
27,LiteDARE-MapOnly,2703102,6,compressed,7,5,-56.0,12.0,-56.0,16.0,-56.0,16.0,-56.0,16.0,4.0,36.9442720413208,False,False,False,0,False,False,False,False
27,LiteDARE-MapOnly,2703102,6,compressed,8,0,-4.0,-48.0,-12.0,-44.0,-12.0,-44.0,-12.0,-44.0,8.9442720413208,50.85910654067993,False,False,False,0,False,False,False,False
27,LiteDARE-MapOnly,2703102,6,compressed,8,1,-48.0,-8.0,-52.0,-4.0,-52.0,-4.0,-52.0,-4.0,5.656854152679443,49.91483449935913,False,False,False,0,False,False,False,False
27,LiteDARE-MapOnly,2703102,6,compressed,8,2,-28.0,-28.0,-36.0,-28.0,-36.0,-28.0,-36.0,-28.0,8.0,63.571688652038574,False,False,False,0,False,False,False,False
27,LiteDARE-MapOnly,2703102,6,compressed,8,3,-48.0,-40.0,-44.0,-48.0,-44.0,-48.0,-44.0,-48.0,8.9442720413208,57.20225238800049,False,False,False,0,False,False,False,False
27,LiteDARE-MapOnly,2703102,6,compressed,8,4,-20.0,16.0,-16.0,16.0,-16.0,16.0,-16.0,16.0,4.0,40.28427076339722,False,False,False,0,False,False,False,False
27,LiteDARE-MapOnly,2703102,6,compressed,8,5,-56.0,16.0,-56.0,20.0,-56.0,20.0,-56.0,20.0,4.0,40.9442720413208,False,False,False,0,False,False,False,False
27,LiteDARE-MapOnly,2703102,6,compressed,9,0,-12.0,-44.0,-16.0,-44.0,-16.0,-44.0,-16.0,-44.0,4.0,54.85910654067993,False,False,False,0,False,False,False,False
27,LiteDARE-MapOnly,2703102,6,compressed,9,1,-52.0,-4.0,-56.0,-4.0,-56.0,-4.0,-56.0,-4.0,4.0,53.91483449935913,False,False,False,0,False,False,True,True
27,LiteDARE-MapOnly,2703102,6,compressed,9,2,-36.0,-28.0,-44.0,-32.0,-44.0,-32.0,-44.0,-32.0,8.9442720413208,72.51596069335938,False,False,False,0,False,False,False,False
27,LiteDARE-MapOnly,2703102,6,compressed,9,3,-44.0,-48.0,-40.0,-44.0,-40.0,-44.0,-40.0,-44.0,5.656854152679443,62.85910654067993,False,False,False,0,False,False,False,False
27,LiteDARE-MapOnly,2703102,6,compressed,9,4,-16.0,16.0,-16.0,20.0,-16.0,20.0,-16.0,20.0,4.0,44.28427076339722,False,False,False,0,False,False,False,False
27,LiteDARE-MapOnly,2703102,6,compressed,9,5,-56.0,20.0,-60.0,24.0,-60.0,24.0,-60.0,24.0,5.656854152679443,46.601126194000244,False,False,False,0,False,False,False,False
27,LiteDARE-MapOnly,2703102,6,compressed,10,0,-16.0,-44.0,-24.0,-44.0,-24.0,-44.0,-24.0,-44.0,8.0,62.85910654067993,False,False,False,0,False,False,False,False
27,LiteDARE-MapOnly,2703102,6,compressed,10,1,-56.0,-4.0,-56.0,0.0,-56.0,0.0,-56.0,0.0,4.0,57.91483449935913,False,False,False,0,False,False,True,True
27,LiteDARE-MapOnly,2703102,6,compressed,10,2,-44.0,-32.0,-48.0,-36.0,-48.0,-36.0,-48.0,-36.0,5.656854152679443,78.17281484603882,False,False,False,0,False,False,False,False
27,LiteDARE-MapOnly,2703102,6,compressed,10,3,-40.0,-44.0,-32.0,-40.0,-32.0,-40.0,-32.0,-40.0,8.9442720413208,71.80337858200073,False,False,False,0,False,False,False,False
27,LiteDARE-MapOnly,2703102,6,compressed,10,4,-16.0,20.0,-8.0,24.0,-8.0,24.0,-8.0,24.0,8.9442720413208,53.22854280471802,False,False,False,0,False,False,False,False
27,LiteDARE-MapOnly,2703102,6,compressed,10,5,-60.0,24.0,-56.0,24.0,-56.0,24.0,-56.0,24.0,4.0,50.601126194000244,False,False,False,0,False,False,False,False
27,LiteDARE-MapOnly,2703102,6,compressed,11,0,-24.0,-44.0,-28.0,-44.0,-28.0,-44.0,-28.0,-44.0,4.0,66.85910654067993,False,False,False,0,False,False,False,False
27,LiteDARE-MapOnly,2703102,6,compressed,11,1,-56.0,0.0,-56.0,4.0,-56.0,4.0,-56.0,4.0,4.0,61.91483449935913,False,False,False,0,False,False,True,True
27,LiteDARE-MapOnly,2703102,6,compressed,11,2,-48.0,-36.0,-48.0,-44.0,-48.0,-44.0,-48.0,-44.0,8.0,86.17281484603882,False,False,False,0,False,False,False,False
27,LiteDARE-MapOnly,2703102,6,compressed,11,3,-32.0,-40.0,-40.0,-44.0,-40.0,-44.0,-40.0,-44.0,8.9442720413208,80.74765062332153,False,False,False,0,False,False,True,False
27,LiteDARE-MapOnly,2703102,6,compressed,11,4,-8.0,24.0,0.0,20.0,0.0,20.0,0.0,20.0,8.9442720413208,62.17281484603882,False,False,False,0,False,False,False,False
27,LiteDARE-MapOnly,2703102,6,compressed,11,5,-56.0,24.0,-56.0,16.0,-56.0,16.0,-56.0,16.0,8.0,58.601126194000244,False,False,False,0,False,False,True,False
27,LiteDARE-MapOnly,2703102,6,compressed,12,0,-28.0,-44.0,-32.0,-44.0,-32.0,-44.0,-32.0,-44.0,4.0,70.85910654067993,False,False,False,0,False,False,False,False
27,LiteDARE-MapOnly,2703102,6,compressed,12,1,-56.0,4.0,-56.0,0.0,-56.0,0.0,-56.0,0.0,4.0,65.91483449935913,False,False,False,0,False,False,True,False
27,LiteDARE-MapOnly,2703102,6,compressed,12,2,-48.0,-44.0,-48.0,-40.0,-48.0,-40.0,-48.0,-40.0,4.0,90.17281484603882,False,False,False,0,False,False,True,True
27,LiteDARE-MapOnly,2703102,6,compressed,12,3,-40.0,-44.0,-48.0,-40.0,-48.0,-40.0,-40.0,-44.0,0.0,80.74765062332153,True,False,True,1,False,False,True,False
27,LiteDARE-MapOnly,2703102,6,compressed,12,4,0.0,20.0,4.0,20.0,4.0,20.0,4.0,20.0,4.0,66.17281484603882,False,False,False,0,False,False,False,False
27,LiteDARE-MapOnly,2703102,6,compressed,12,5,-56.0,16.0,-60.0,8.0,-60.0,8.0,-60.0,8.0,8.9442720413208,67.54539823532104,False,False,False,0,False,False,False,False
27,LiteDARE-MapOnly,2703102,6,compressed,13,0,-32.0,-44.0,-28.0,-44.0,-28.0,-44.0,-28.0,-44.0,4.0,74.85910654067993,False,False,False,0,False,False,True,False
27,LiteDARE-MapOnly,2703102,6,compressed,13,1,-56.0,0.0,-52.0,-4.0,-52.0,-4.0,-52.0,-4.0,5.656854152679443,71.57168865203857,False,False,False,0,False,False,True,False
27,LiteDARE-MapOnly,2703102,6,compressed,13,2,-48.0,-40.0,-44.0,-32.0,-44.0,-32.0,-44.0,-32.0,8.9442720413208,99.11708688735962,False,False,False,0,False,False,True,False
27,LiteDARE-MapOnly,2703102,6,compressed,13,3,-40.0,-44.0,-48.0,-44.0,-48.0,-44.0,-48.0,-44.0,8.0,88.74765062332153,False,False,False,0,False,False,True,True
27,LiteDARE-MapOnly,2703102,6,compressed,13,4,4.0,20.0,12.0,16.0,12.0,16.0,12.0,16.0,8.9442720413208,75.11708688735962,False,False,False,0,False,False,False,False
27,LiteDARE-MapOnly,2703102,6,compressed,13,5,-60.0,8.0,-56.0,0.0,-56.0,0.0,-56.0,0.0,8.9442720413208,76.48967027664185,False,False,False,0,False,False,True,False
27,LiteDARE-MapOnly,2703102,6,compressed,14,0,-28.0,-44.0,-24.0,-44.0,-24.0,-44.0,-24.0,-44.0,4.0,78.85910654067993,False,False,False,0,False,False,True,False
27,LiteDARE-MapOnly,2703102,6,compressed,14,1,-52.0,-4.0,-48.0,-12.0,-48.0,-12.0,-48.0,-12.0,8.9442720413208,80.51596069335938,False,False,False,0,False,False,True,False
27,LiteDARE-MapOnly,2703102,6,compressed,14,2,-44.0,-32.0,-44.0,-28.0,-44.0,-28.0,-44.0,-28.0,4.0,103.11708688735962,False,False,False,0,False,False,False,False
27,LiteDARE-MapOnly,2703102,6,compressed,14,3,-48.0,-44.0,-48.0,-40.0,-48.0,-40.0,-48.0,-40.0,4.0,92.74765062332153,False,False,False,0,False,False,True,False
27,LiteDARE-MapOnly,2703102,6,compressed,14,4,12.0,16.0,12.0,20.0,12.0,20.0,12.0,20.0,4.0,79.11708688735962,False,False,False,0,False,False,False,False
27,LiteDARE-MapOnly,2703102,6,compressed,14,5,-56.0,0.0,-56.0,-8.0,-56.0,-8.0,-56.0,-8.0,8.0,84.48967027664185,False,False,False,0,False,False,False,False
27,LiteDARE-MapOnly,2703102,6,compressed,15,0,-24.0,-44.0,-20.0,-44.0,-20.0,-44.0,-20.0,-44.0,4.0,82.85910654067993,False,False,False,0,False,False,False,False
27,LiteDARE-MapOnly,2703102,6,compressed,15,1,-48.0,-12.0,-48.0,-20.0,-48.0,-20.0,-48.0,-20.0,8.0,88.51596069335938,False,False,False,0,False,False,False,False
27,LiteDARE-MapOnly,2703102,6,compressed,15,2,-44.0,-28.0,-44.0,-24.0,-44.0,-24.0,-44.0,-24.0,4.0,107.11708688735962,False,False,False,0,False,False,True,True
27,LiteDARE-MapOnly,2703102,6,compressed,15,3,-48.0,-40.0,-48.0,-36.0,-48.0,-36.0,-48.0,-36.0,4.0,96.74765062332153,False,False,False,0,False,False,True,True
27,LiteDARE-MapOnly,2703102,6,compressed,15,4,12.0,20.0,4.0,16.0,4.0,16.0,4.0,16.0,8.9442720413208,88.06135892868042,False,False,False,0,False,False,False,False
27,LiteDARE-MapOnly,2703102,6,compressed,15,5,-56.0,-8.0,-52.0,-8.0,-52.0,-8.0,-52.0,-8.0,4.0,88.48967027664185,False,False,False,0,False,False,False,False
27,LiteDARE-MapOnly,2703102,6,compressed,16,0,-20.0,-44.0,-16.0,-44.0,-16.0,-44.0,-16.0,-44.0,4.0,86.85910654067993,False,False,False,0,False,False,True,False
27,LiteDARE-MapOnly,2703102,6,compressed,16,1,-48.0,-20.0,-44.0,-24.0,-44.0,-24.0,-44.0,-24.0,5.656854152679443,94.17281484603882,False,False,False,0,False,False,True,False
27,LiteDARE-MapOnly,2703102,6,compressed,16,2,-44.0,-24.0,-40.0,-24.0,-40.0,-24.0,-40.0,-24.0,4.0,111.11708688735962,False,False,False,0,False,False,False,False
27,LiteDARE-MapOnly,2703102,6,compressed,16,3,-48.0,-36.0,-48.0,-32.0,-48.0,-32.0,-48.0,-32.0,4.0,100.74765062332153,False,False,False,0,False,False,True,False
27,LiteDARE-MapOnly,2703102,6,compressed,16,4,4.0,16.0,-4.0,16.0,-4.0,16.0,-4.0,16.0,8.0,96.06135892868042,False,False,False,0,False,False,False,False
27,LiteDARE-MapOnly,2703102,6,compressed,16,5,-52.0,-8.0,-48.0,-8.0,-48.0,-8.0,-48.0,-8.0,4.0,92.48967027664185,False,False,False,0,False,False,True,True
27,LiteDARE-MapOnly,2703102,6,compressed,17,0,-16.0,-44.0,-12.0,-44.0,-12.0,-44.0,-12.0,-44.0,4.0,90.85910654067993,False,False,False,0,False,False,True,False
27,LiteDARE-MapOnly,2703102,6,compressed,17,1,-44.0,-24.0,-36.0,-28.0,-36.0,-28.0,-36.0,-28.0,8.9442720413208,103.11708688735962,False,False,False,0,False,False,True,True
27,LiteDARE-MapOnly,2703102,6,compressed,17,2,-40.0,-24.0,-40.0,-32.0,-40.0,-32.0,-40.0,-32.0,8.0,119.11708688735962,False,False,False,0,False,False,False,False
27,LiteDARE-MapOnly,2703102,6,compressed,17,3,-48.0,-32.0,-40.0,-28.0,-40.0,-28.0,-40.0,-28.0,8.9442720413208,109.69192266464233,False,False,False,0,False,False,True,True
27,LiteDARE-MapOnly,2703102,6,compressed,17,4,-4.0,16.0,-8.0,20.0,-8.0,20.0,-8.0,20.0,5.656854152679443,101.71821308135986,False,False,False,0,False,False,False,False
27,LiteDARE-MapOnly,2703102,6,compressed,17,5,-48.0,-8.0,-48.0,-12.0,-48.0,-12.0,-48.0,-12.0,4.0,96.48967027664185,False,False,False,0,False,False,True,True
27,LiteDARE-MapOnly,2703102,6,compressed,18,0,-12.0,-44.0,-4.0,-48.0,-4.0,-48.0,-4.0,-48.0,8.9442720413208,99.80337858200073,False,False,False,0,False,False,True,False
27,LiteDARE-MapOnly,2703102,6,compressed,18,1,-36.0,-28.0,-28.0,-24.0,-28.0,-24.0,-28.0,-24.0,8.9442720413208,112.06135892868042,False,False,False,0,False,False,False,False
27,LiteDARE-MapOnly,2703102,6,compressed,18,2,-40.0,-32.0,-40.0,-28.0,-40.0,-28.0,-40.0,-28.0,4.0,123.11708688735962,False,False,False,0,False,False,True,True
27,LiteDARE-MapOnly,2703102,6,compressed,18,3,-40.0,-28.0,-36.0,-28.0,-36.0,-28.0,-36.0,-28.0,4.0,113.69192266464233,False,False,False,0,False,False,True,True
27,LiteDARE-MapOnly,2703102,6,compressed,18,4,-8.0,20.0,-12.0,20.0,-12.0,20.0,-12.0,20.0,4.0,105.71821308135986,False,False,False,0,False,False,False,False
27,LiteDARE-MapOnly,2703102,6,compressed,18,5,-48.0,-12.0,-48.0,-20.0,-48.0,-20.0,-48.0,-20.0,8.0,104.48967027664185,False,False,False,0,False,False,True,True
27,LiteDARE-MapOnly,2703102,6,compressed,19,0,-4.0,-48.0,0.0,-48.0,0.0,-48.0,0.0,-48.0,4.0,103.80337858200073,False,False,False,0,False,False,True,False
27,LiteDARE-MapOnly,2703102,6,compressed,19,1,-28.0,-24.0,-20.0,-20.0,-20.0,-20.0,-20.0,-20.0,8.9442720413208,121.00563097000122,False,False,False,0,False,False,True,True
27,LiteDARE-MapOnly,2703102,6,compressed,19,2,-40.0,-28.0,-36.0,-28.0,-36.0,-28.0,-36.0,-28.0,4.0,127.11708688735962,False,False,False,0,False,False,True,False
27,LiteDARE-MapOnly,2703102,6,compressed,19,3,-36.0,-28.0,-32.0,-28.0,-32.0,-28.0,-32.0,-28.0,4.0,117.69192266464233,False,False,False,0,False,False,True,True
27,LiteDARE-MapOnly,2703102,6,compressed,19,4,-12.0,20.0,-20.0,20.0,-20.0,20.0,-20.0,20.0,8.0,113.71821308135986,False,False,False,0,False,False,False,False
27,LiteDARE-MapOnly,2703102,6,compressed,19,5,-48.0,-20.0,-48.0,-28.0,-48.0,-28.0,-48.0,-28.0,8.0,112.48967027664185,False,False,False,0,False,False,False,False
27,LiteDARE-MapOnly,2703102,6,compressed,20,0,0.0,-48.0,4.0,-48.0,4.0,-48.0,4.0,-48.0,4.0,107.80337858200073,False,False,False,0,False,False,False,False
27,LiteDARE-MapOnly,2703102,6,compressed,20,1,-20.0,-20.0,-16.0,-20.0,-16.0,-20.0,-16.0,-20.0,4.0,125.00563097000122,False,False,False,0,False,False,False,False
27,LiteDARE-MapOnly,2703102,6,compressed,20,2,-36.0,-28.0,-28.0,-24.0,-28.0,-24.0,-28.0,-24.0,8.9442720413208,136.06135892868042,False,False,False,0,False,False,True,True
27,LiteDARE-MapOnly,2703102,6,compressed,20,3,-32.0,-28.0,-24.0,-24.0,-24.0,-24.0,-24.0,-24.0,8.9442720413208,126.63619470596313,False,False,False,0,False,False,True,True
27,LiteDARE-MapOnly,2703102,6,compressed,20,4,-20.0,20.0,-28.0,16.0,-28.0,16.0,-28.0,16.0,8.9442720413208,122.66248512268066,False,False,False,0,False,False,False,False
27,LiteDARE-MapOnly,2703102,6,compressed,20,5,-48.0,-28.0,-44.0,-28.0,-44.0,-28.0,-44.0,-28.0,4.0,116.48967027664185,False,False,False,0,False,False,True,True
27,LiteDARE-MapOnly,2703102,6,compressed,21,0,4.0,-48.0,8.0,-48.0,8.0,-48.0,8.0,-48.0,4.0,111.80337858200073,False,False,False,0,False,False,False,False
27,LiteDARE-MapOnly,2703102,6,compressed,21,1,-16.0,-20.0,-8.0,-24.0,-8.0,-24.0,-8.0,-24.0,8.9442720413208,133.94990301132202,False,False,False,0,False,False,False,False
27,LiteDARE-MapOnly,2703102,6,compressed,21,2,-28.0,-24.0,-24.0,-24.0,-24.0,-24.0,-24.0,-24.0,4.0,140.06135892868042,False,False,False,0,False,False,True,False
27,LiteDARE-MapOnly,2703102,6,compressed,21,3,-24.0,-24.0,-20.0,-24.0,-20.0,-24.0,-20.0,-24.0,4.0,130.63619470596313,False,False,False,0,False,False,False,False
27,LiteDARE-MapOnly,2703102,6,compressed,21,4,-28.0,16.0,-32.0,24.0,-32.0,24.0,-32.0,24.0,8.9442720413208,131.60675716400146,False,False,False,0,False,False,False,False
27,LiteDARE-MapOnly,2703102,6,compressed,21,5,-44.0,-28.0,-40.0,-28.0,-40.0,-28.0,-40.0,-28.0,4.0,120.48967027664185,False,False,False,0,False,False,True,True
27,LiteDARE-MapOnly,2703102,6,compressed,22,0,8.0,-48.0,12.0,-48.0,12.0,-48.0,12.0,-48.0,4.0,115.80337858200073,False,False,False,0,False,False,True,False
27,LiteDARE-MapOnly,2703102,6,compressed,22,1,-8.0,-24.0,-4.0,-24.0,-4.0,-24.0,-4.0,-24.0,4.0,137.94990301132202,False,False,False,0,False,False,False,False
27,LiteDARE-MapOnly,2703102,6,compressed,22,2,-24.0,-24.0,-20.0,-24.0,-20.0,-24.0,-20.0,-24.0,4.0,144.06135892868042,False,False,False,0,False,False,True,True
27,LiteDARE-MapOnly,2703102,6,compressed,22,3,-20.0,-24.0,-16.0,-24.0,-16.0,-24.0,-16.0,-24.0,4.0,134.63619470596313,False,False,False,0,False,False,False,False
27,LiteDARE-MapOnly,2703102,6,compressed,22,4,-32.0,24.0,-28.0,16.0,-28.0,16.0,-28.0,16.0,8.9442720413208,140.55102920532227,False,False,False,0,False,False,True,False
27,LiteDARE-MapOnly,2703102,6,compressed,22,5,-40.0,-28.0,-36.0,-28.0,-36.0,-28.0,-36.0,-28.0,4.0,124.48967027664185,False,False,False,0,False,False,True,True
27,LiteDARE-MapOnly,2703102,6,compressed,23,0,12.0,-48.0,20.0,-44.0,20.0,-44.0,20.0,-44.0,8.9442720413208,124.74765062332153,False,False,False,0,False,False,False,False
27,LiteDARE-MapOnly,2703102,6,compressed,23,1,-4.0,-24.0,4.0,-28.0,4.0,-28.0,4.0,-28.0,8.9442720413208,146.89417505264282,False,False,False,0,False,False,False,False
27,LiteDARE-MapOnly,2703102,6,compressed,23,2,-20.0,-24.0,-16.0,-24.0,-16.0,-24.0,-16.0,-24.0,4.0,148.06135892868042,False,False,False,0,False,False,True,True
27,LiteDARE-MapOnly,2703102,6,compressed,23,3,-16.0,-24.0,-12.0,-24.0,-12.0,-24.0,-12.0,-24.0,4.0,138.63619470596313,False,False,False,0,False,False,False,False
27,LiteDARE-MapOnly,2703102,6,compressed,23,4,-28.0,16.0,-24.0,16.0,-24.0,16.0,-24.0,16.0,4.0,144.55102920532227,False,False,False,0,False,False,False,False
27,LiteDARE-MapOnly,2703102,6,compressed,23,5,-36.0,-28.0,-32.0,-28.0,-32.0,-28.0,-32.0,-28.0,4.0,128.48967027664185,False,False,False,0,False,False,True,True
27,LiteDARE-MapOnly,2703102,6,compressed,24,0,20.0,-44.0,20.0,-40.0,20.0,-40.0,20.0,-40.0,4.0,128.74765062332153,False,False,False,0,False,False,False,False
27,LiteDARE-MapOnly,2703102,6,compressed,24,1,4.0,-28.0,4.0,-32.0,4.0,-32.0,4.0,-32.0,4.0,150.89417505264282,False,False,False,0,False,False,False,False
27,LiteDARE-MapOnly,2703102,6,compressed,24,2,-16.0,-24.0,-12.0,-24.0,-12.0,-24.0,-12.0,-24.0,4.0,152.06135892868042,False,False,False,0,False,False,True,True
27,LiteDARE-MapOnly,2703102,6,compressed,24,3,-12.0,-24.0,-4.0,-28.0,-4.0,-28.0,-4.0,-28.0,8.9442720413208,147.58046674728394,False,False,False,0,False,False,False,False
27,LiteDARE-MapOnly,2703102,6,compressed,24,4,-24.0,16.0,-24.0,8.0,-24.0,8.0,-24.0,8.0,8.0,152.55102920532227,False,False,False,0,False,False,False,False
27,LiteDARE-MapOnly,2703102,6,compressed,24,5,-32.0,-28.0,-28.0,-28.0,-28.0,-28.0,-28.0,-28.0,4.0,132.48967027664185,False,False,False,0,False,False,True,True
27,LiteDARE-MapOnly,2703102,6,compressed,25,0,20.0,-40.0,16.0,-36.0,16.0,-36.0,16.0,-36.0,5.656854152679443,134.40450477600098,False,False,False,0,False,False,False,False
27,LiteDARE-MapOnly,2703102,6,compressed,25,1,4.0,-32.0,8.0,-32.0,8.0,-32.0,8.0,-32.0,4.0,154.89417505264282,False,False,False,0,False,False,False,False
27,LiteDARE-MapOnly,2703102,6,compressed,25,2,-12.0,-24.0,-8.0,-24.0,-8.0,-24.0,-8.0,-24.0,4.0,156.06135892868042,False,False,False,0,False,False,True,True
27,LiteDARE-MapOnly,2703102,6,compressed,25,3,-4.0,-28.0,0.0,-28.0,0.0,-28.0,0.0,-28.0,4.0,151.58046674728394,False,False,False,0,False,False,False,False
27,LiteDARE-MapOnly,2703102,6,compressed,25,4,-24.0,8.0,-24.0,0.0,-24.0,0.0,-24.0,0.0,8.0,160.55102920532227,False,False,False,0,False,False,True,False
27,LiteDARE-MapOnly,2703102,6,compressed,25,5,-28.0,-28.0,-20.0,-24.0,-20.0,-24.0,-20.0,-24.0,8.9442720413208,141.43394231796265,False,False,False,0,False,False,True,True
27,LiteDARE-MapOnly,2703102,6,compressed,26,0,16.0,-36.0,8.0,-32.0,8.0,-32.0,8.0,-32.0,8.9442720413208,143.34877681732178,False,False,False,0,False,False,True,True
27,LiteDARE-MapOnly,2703102,6,compressed,26,1,8.0,-32.0,0.0,-28.0,0.0,-28.0,0.0,-28.0,8.9442720413208,163.83844709396362,False,False,False,0,False,False,True,True
27,LiteDARE-MapOnly,2703102,6,compressed,26,2,-8.0,-24.0,0.0,-20.0,0.0,-20.0,0.0,-20.0,8.9442720413208,165.00563097000122,False,False,False,0,False,False,False,False
27,LiteDARE-MapOnly,2703102,6,compressed,26,3,0.0,-28.0,4.0,-24.0,4.0,-24.0,4.0,-24.0,5.656854152679443,157.23732089996338,False,False,False,0,False,False,False,False
27,LiteDARE-MapOnly,2703102,6,compressed,26,4,-24.0,0.0,-24.0,-8.0,-24.0,-8.0,-24.0,-8.0,8.0,168.55102920532227,False,False,False,0,False,False,False,False
27,LiteDARE-MapOnly,2703102,6,compressed,26,5,-20.0,-24.0,-16.0,-20.0,-16.0,-20.0,-16.0,-20.0,5.656854152679443,147.0907964706421,False,False,False,0,False,False,True,True
27,LiteDARE-MapOnly,2703102,6,compressed,27,0,8.0,-32.0,0.0,-28.0,0.0,-28.0,0.0,-28.0,8.9442720413208,152.29304885864258,False,False,False,0,False,False,True,True
27,LiteDARE-MapOnly,2703102,6,compressed,27,1,0.0,-28.0,4.0,-24.0,4.0,-24.0,4.0,-24.0,5.656854152679443,169.49530124664307,False,False,False,0,False,False,True,True
27,LiteDARE-MapOnly,2703102,6,compressed,27,2,0.0,-20.0,4.0,-20.0,4.0,-20.0,4.0,-20.0,4.0,169.00563097000122,False,False,False,0,False,False,False,False
27,LiteDARE-MapOnly,2703102,6,compressed,27,3,4.0,-24.0,4.0,-20.0,4.0,-20.0,4.0,-24.0,0.0,157.23732089996338,True,False,True,1,False,False,True,False
27,LiteDARE-MapOnly,2703102,6,compressed,27,4,-24.0,-8.0,-24.0,-16.0,-24.0,-16.0,-24.0,-16.0,8.0,176.55102920532227,False,False,False,0,False,False,False,False
27,LiteDARE-MapOnly,2703102,6,compressed,27,5,-16.0,-20.0,-16.0,-16.0,-16.0,-16.0,-16.0,-16.0,4.0,151.0907964706421,False,False,False,0,False,False,False,False
27,LiteDARE-MapOnly,2703102,6,compressed,28,0,0.0,-28.0,4.0,-24.0,4.0,-24.0,4.0,-24.0,5.656854152679443,157.94990301132202,False,False,False,0,False,False,True,True
27,LiteDARE-MapOnly,2703102,6,compressed,28,1,4.0,-24.0,4.0,-20.0,4.0,-20.0,4.0,-20.0,4.0,173.49530124664307,False,False,False,0,False,False,True,True
27,LiteDARE-MapOnly,2703102,6,compressed,28,2,4.0,-20.0,8.0,-20.0,8.0,-20.0,8.0,-20.0,4.0,173.00563097000122,False,False,False,0,False,False,False,False
27,LiteDARE-MapOnly,2703102,6,compressed,28,3,4.0,-24.0,4.0,-20.0,4.0,-20.0,4.0,-24.0,0.0,157.23732089996338,True,False,True,2,False,False,True,False
27,LiteDARE-MapOnly,2703102,6,compressed,28,4,-24.0,-16.0,-20.0,-20.0,-20.0,-20.0,-20.0,-20.0,5.656854152679443,182.2078833580017,False,False,False,0,False,False,True,True
27,LiteDARE-MapOnly,2703102,6,compressed,28,5,-16.0,-16.0,-16.0,-24.0,-16.0,-24.0,-16.0,-24.0,8.0,159.0907964706421,False,False,False,0,False,False,True,True
