episode,method,seed,team_size,communication_mode,step,coverage,coverage_delta,known_free_cells,newly_explored_free_cells,step_path_length,cumulative_team_path_length,waiting_robots,deadlocked_robots,deadlock_recoveries,preferred_vertex_conflicts,preferred_swap_conflicts,preferred_proximity_conflicts,preferred_conflict_step,actual_collision_pairs,actual_collision_step,conflict_avoided_step,minimum_preferred_pairwise_distance,minimum_proposed_pairwise_distance,minimum_actual_pairwise_distance,dynamic_safety_blocks,static_safety_blocks,contact_pairs,communication_packets_delta,communication_bytes_delta,map_packets_delta,map_bytes_delta,resolver_backtracking_nodes,escape_robot_ids,used_serial_fallback,step_runtime_ms,communication_payload_bytes_delta,communication_map_packets_delta,communication_region_packets_delta,communication_motion_packets_delta,communication_map_bytes_delta,communication_region_bytes_delta,communication_motion_bytes_delta,communication_payload_cells_delta,communication_cells_received_delta,communication_encode_ms_delta,communication_decode_apply_ms_delta,communication_exchange_wall_ms_delta,communication_delivery_events_delta,communication_conflicts_delta,communication_local_map_sync_ms_delta,communication_header_bytes_delta,communication_index_bytes_delta,communication_value_bytes_delta,communication_raw_equivalent_bytes_delta,communication_dense_grid_reference_bytes_delta,communication_deferred_cells_delta,communication_packet_losses_delta,contact_detection_ms,map_local_sync_and_exchange_ms,observation_graph_refresh_ms,dynamic_region_update_ms,policy_inference_team_ms,candidate_generation_ms,motion_coordination_facade_ms,environment_step_ms,deadlock_state_update_ms,post_step_local_map_sync_ms,region_event_io_ms,metric_state_snapshot_ms,visualization_frame_ms,preferred_action_selection_ms,deadlock_priority_ms,deadlock_escape_ms,collision_resolution_ms,motion_exchange_ms,motion_filter_ms,graph_backtrack_ms,coordination_total_ms,deadlock_state_update_internal_ms,profiled_step_wall_ms,step_process_cpu_ms,step_process_cpu_utilisation_percent,timed_components_sum_ms,unattributed_step_ms,recording_and_output_overhead_ms,control_step_wall_excluding_output_ms,process_rss_bytes,process_peak_rss_bytes,python_tracemalloc_current_bytes,python_tracemalloc_peak_bytes,gpu_memory_allocated_bytes,gpu_memory_reserved_bytes,gpu_peak_memory_allocated_bytes,gpu_peak_memory_reserved_bytes,gpu_power_watts,gpu_utilisation_percent,gpu_memory_utilisation_percent,gpu_temperature_c,policy_inference_per_robot_ms,debug_diagnostics_ms
57,LiteDARE-Full-ContactAware,5703062,2,none,1,0.18681000470554168,0.043544358779454895,5161,1203,16.9442720413208,16.9442720413208,0,0,0,0,0,0,False,0,False,False,49.47726821899414,49.47726821899414,49.47726821899414,0,0,0,0,0,0,0,2,[],False,1883.6749964393675,0,0,0,0,0,0,0,0,0,0,0,0,0,0,0.46571623533964157,0,0,0,0,0,0,0,0.529854092746973,0.22502290084958076,99.71177112311125,35.41927505284548,1264.2557141371071,15.135143883526325,0.9407922625541687,232.31267323717475,0.17064297571778297,0.3429083153605461,0.24866173043847084,0.41023967787623405,233.6240243166685,0.0064498744904994965,0.04690513014793396,0.01399405300617218,0.5276273004710674,0.0,0.0,0.0,0.8551226928830147,0.1684119924902916,1883.6749964393675,2241.2550330045633,118.98310681200921,1883.3267237059772,0.34827273339033127,234.28292572498322,1649.3920707143843,3704512512,3971080192,2212710,38927468,55667712,213909504,81502208,213909504,,,,,632.1278570685536,
57,LiteDARE-Full-ContactAware,5703062,2,none,2,0.2504796032866399,0.06366959858109819,6920,1759,13.656854152679443,30.601126194000244,0,0,0,0,0,0,False,0,False,False,52.0,52.0,52.0,0,0,0,0,0,0,0,2,[],False,1937.4985159374774,0,0,0,0,0,0,0,0,0,0,0,0,0,0,0.5436921492218971,0,0,0,0,0,0,0,0.48919999971985817,0.25179004296660423,191.56978512182832,29.137894045561552,1228.6797598935664,14.337507076561451,1.0357662104070187,246.57011590898037,0.17348676919937134,0.3976002335548401,0.2649710513651371,0.4284810274839401,223.84448163211346,0.00784965232014656,0.056020915508270264,0.01611979678273201,0.521340873092413,0.0,0.0,0.0,0.9454661048948765,0.170248094946146,1937.4985159374774,2295.8104530043784,118.49353349793552,1937.1808390133083,0.31767692416906357,224.53793371096253,1712.9605822265148,3704512512,3971080192,2347517,39070742,55667712,213909504,81502208,213909504,,,,,614.3398799467832,
57,LiteDARE-Full-ContactAware,5703062,2,none,3,0.30336265247764865,0.05288304919100878,8381,1461,16.9442720413208,47.545398235321045,0,0,0,0,0,0,False,0,False,False,45.607017517089844,45.607017517089844,45.607017517089844,0,0,0,0,0,0,0,2,[],False,2073.44109704718,0,0,0,0,0,0,0,0,0,0,0,0,0,0,0.46407803893089294,0,0,0,0,0,0,0,0.4538237117230892,0.2178642898797989,228.04983472451568,70.69761818274856,1310.3478951379657,17.011746298521757,0.9243041276931763,221.45402384921908,0.1669619232416153,0.3513260744512081,0.26490306481719017,0.41258567944169044,222.77597803622484,0.00750785693526268,0.04818383604288101,0.014732126146554947,0.4660678096115589,0.0,0.0,0.0,0.832259189337492,0.16394490376114845,2073.44109704718,2430.8952820065315,117.23965949495299,2073.1288651004434,0.3122319467365742,223.45346678048372,1849.9876302666962,3704512512,3971080192,3932457,40648941,55667712,213909504,81502208,213909504,,,,,655.1739475689828,
57,LiteDARE-Full-ContactAware,5703062,2,none,4,0.3709052738263293,0.06754262134868066,10247,1866,16.0,63.545398235321045,0,0,0,0,0,0,False,0,False,False,41.18252182006836,41.18252182006836,41.18252182006836,0,0,0,0,0,0,0,2,[],False,2134.394462686032,0,0,0,0,0,0,0,0,0,0,0,0,0,0,0.4600971005856991,0,0,0,0,0,0,0,0.4497440531849861,0.2148980274796486,297.7825067937374,33.17289613187313,1318.6292122118175,18.105058930814266,0.9154062718153,243.4051032178104,0.15830621123313904,0.34856004640460014,0.24963309988379478,0.3934120759367943,220.2689703553915,0.007650814950466156,0.050798989832401276,0.015280675143003464,0.4551517777144909,0.0,0.0,0.0,0.8347709663212299,0.1554219052195549,2134.394462686032,2490.0703329985845,116.66401766545775,2134.0937074273825,0.30075525864958763,220.9120155312121,1913.48244715482,3704512512,3971080192,4121045,40837177,55667712,213909504,81502208,213909504,,,,,659.3146061059088,
57,LiteDARE-Full-ContactAware,5703062,2,none,5,0.3709052738263293,0.0,10247,0,12.9442720413208,76.48967027664185,0,0,0,0,0,0,False,0,False,False,45.607017517089844,37.947330474853516,37.947330474853516,0,0,0,0,0,0,0,2,[],False,2203.992045018822,0,0,0,0,0,0,0,0,0,0,0,0,0,0,0.4314887337386608,0,0,0,0,0,0,0,0.4552900791168213,0.2187499776482582,319.9740210548043,143.2436341419816,1259.6798208542168,23.79770716652274,0.9571090340614319,229.75643770769238,0.15792995691299438,0.31492579728364944,0.253790058195591,0.4078950732946396,224.4723541662097,0.007259193807840347,0.04980294033885002,0.014910008758306503,0.4789857193827629,0.0,0.0,0.0,0.8751531131565571,0.15526684001088142,2203.992045018822,2560.2530390024185,116.164350265636,2203.689665067941,0.30237995088100433,225.13403929769993,1978.858005721122,3704512512,3971080192,5682167,42399928,55667712,213909504,81502208,213909504,,,,,629.8399104271084,
57,LiteDARE-Full-ContactAware,5703062,2,none,6,0.3783255510913237,0.0074202772649943904,10452,205,20.257980346679688,96.74765062332153,0,0,0,0,0,0,False,0,False,False,52.611785888671875,52.611785888671875,52.611785888671875,0,0,0,0,0,0,0,2,[],False,1989.7433603182435,0,0,0,0,0,0,0,0,0,0,0,0,0,0,0.4339008592069149,0,0,0,0,0,0,0,0.44472189620137215,0.21244585514068604,196.64556998759508,37.09451574832201,1265.8582921139896,21.241070237010717,0.9230459108948708,239.97494811192155,0.16037002205848694,0.32261013984680176,0.2540159039199352,0.4070540890097618,225.91345803812146,0.007777940481901169,0.05162414163351059,0.015321187674999237,0.4553520120680332,0.0,0.0,0.0,0.8404068648815155,0.15721796080470085,1989.7433603182435,2346.943752003426,117.95208361082562,1989.4521180540323,0.2912422642111778,226.57452803105116,1763.1688322871923,3704512512,3971080192,7188401,43906237,55667712,213909504,81502208,213909504,,,,,632.9291460569948,
57,LiteDARE-Full-ContactAware,5703062,2,none,7,0.41394288196329676,0.03561733087197305,11436,984,16.9442720413208,113.69192266464233,0,0,0,0,0,0,False,0,False,False,58.24087905883789,58.24087905883789,58.24087905883789,0,0,0,0,0,0,0,2,[],False,1999.705654103309,0,0,0,0,0,0,0,0,0,0,0,0,0,0,0.44200243428349495,0,0,0,0,0,0,0,0.4576840437948704,0.21121324971318245,189.85991505905986,37.14369237422943,1281.8316449411213,21.136656869202852,0.9906673803925514,234.21898391097784,0.16855401918292046,0.333564355969429,0.2614869736135006,0.4177200607955456,232.38089168444276,0.008174683898687363,0.056504737585783005,0.016699079424142838,0.48069190233945847,0.0,0.0,0.0,0.8978229016065598,0.1648738980293274,1999.705654103309,2362.4596719964757,118.14037066649341,1999.412674922496,0.2929791808128357,233.0600987188518,1766.645555384457,3704512512,3971080192,7235231,43959718,55667712,213909504,81502208,213909504,,,,,640.9158224705607,
57,LiteDARE-Full-ContactAware,5703062,2,none,8,0.43334419227567234,0.019401310312375575,11972,536,19.313708305358887,133.00563097000122,0,0,0,0,0,0,False,0,False,False,68.4689712524414,72.44308471679688,72.44308471679688,0,0,0,0,0,0,0,2,[],False,2163.290673866868,0,0,0,0,0,0,0,0,0,0,0,0,0,0,0.455471221357584,0,0,0,0,0,0,0,0.4644184373319149,0.222022645175457,237.96790186315775,131.59083388745785,1267.0029951259494,23.542978800833225,0.8631693199276924,262.3198227956891,0.1660529524087906,0.3485330380499363,0.2523129805922508,0.43760379776358604,237.80850181356072,0.0069909729063510895,0.052372924983501434,0.01581106334924698,0.4144962877035141,0.0,0.0,0.0,0.7753255777060986,0.1628892496228218,2163.290673866868,2528.6551090030116,116.88928998538404,2162.9871474578977,0.303526408970356,238.49841859191656,1924.7922552749515,3704512512,3971080192,8793344,45511439,55667712,213909504,81502208,213909504,,,,,633.5014975629747,
57,LiteDARE-Full-ContactAware,5703062,2,none,9,0.43334419227567234,0.0,11972,0,12.9442720413208,145.94990301132202,0,0,0,0,0,0,False,0,False,False,60.0,64.0,64.0,0,0,0,0,0,0,0,2,[],False,2038.0526329390705,0,0,0,0,0,0,0,0,0,0,0,0,0,0,0.4335879348218441,0,0,0,0,0,0,0,0.46516302973032,0.21462095901370049,166.87809117138386,76.04937301948667,1259.1493148356676,30.272402800619602,1.4519980177283287,258.1258821301162,0.1866552047431469,0.32476289197802544,0.2467888407409191,0.4134722985327244,243.90938924625516,0.01202709972858429,0.0736890360713005,0.021020416170358658,0.6853919476270676,0.0,0.0,0.0,1.3133403845131397,0.18275901675224304,2038.0526329390705,2401.020471996162,117.80954197113431,2037.6879144459963,0.3647184930741787,244.5696503855288,1793.4829825535417,3704512512,3971080192,8833599,45550954,55667712,213909504,81502208,213909504,,,,,629.5746574178338,
57,LiteDARE-Full-ContactAware,5703062,2,none,10,0.43334419227567234,0.0,11972,0,16.0,161.94990301132202,0,0,0,0,0,0,False,0,False,False,56.56854248046875,56.56854248046875,56.56854248046875,0,0,0,0,0,0,0,2,[],False,1957.460641860962,0,0,0,0,0,0,0,0,0,0,0,0,0,0,0.3990214318037033,0,0,0,0,0,0,0,0.4718839190900326,0.2212771214544773,142.74852583184838,36.975322756916285,1269.1858769394457,22.46533567085862,0.8965418674051762,247.34334275126457,0.17425091937184334,0.2792319282889366,0.24415506049990654,0.42664213106036186,234.89694017916918,0.00726478174328804,0.051563140004873276,0.016301870346069336,0.4380936734378338,0.0,0.0,0.0,0.8086869493126869,0.1708008348941803,1957.460641860962,2318.4862280031666,118.44356808109188,1957.132969982922,0.3276718780398369,236.37138027697802,1721.089261583984,3704512512,3971080192,10348825,47067348,55667712,213909504,81502208,213909504,,,,,634.5929384697229,0.8036429062485695
57,LiteDARE-Full-ContactAware,5703062,2,none,11,0.439569985883375,0.0062257936077026454,12144,172,20.257980346679688,182.2078833580017,0,0,0,0,0,0,False,0,False,False,41.761226654052734,41.761226654052734,41.761226654052734,0,0,0,0,0,0,0,2,[],False,1937.6153526827693,0,0,0,0,0,0,0,0,0,0,0,0,0,0,0.43318094685673714,0,0,0,0,0,0,0,0.46866992488503456,0.22615306079387665,143.24825908988714,36.73117933794856,1209.1930489987135,22.745890077203512,0.8590151555836201,276.17802703753114,0.1703137531876564,0.31311484053730965,0.22712023928761482,0.42713712900877,246.50140572339296,0.007061753422021866,0.049476977437734604,0.014781951904296875,0.41659874841570854,0.0,0.0,0.0,0.77874306589365,0.16660895198583603,1937.6153526827693,2299.1929130002973,118.66095661437124,1937.2893343679607,0.3260183148086071,247.15566309168935,1690.45968959108,3704512512,3971080192,10374515,47101446,55667712,213909504,81502208,213909504,,,,,604.5965244993567,
57,LiteDARE-Full-ContactAware,5703062,2,none,12,0.453035074383755,0.01346508850038003,12516,372,17.8885440826416,200.0964274406433,0,0,0,0,0,0,False,0,False,False,34.1760139465332,34.1760139465332,34.1760139465332,0,0,0,0,0,0,0,2,[],False,1947.7280075661838,0,0,0,0,0,0,0,0,0,0,0,0,0,0,0.5178623832762241,0,0,0,0,0,0,0,0.5023493431508541,0.2551688812673092,173.96681662648916,40.16867186874151,1247.6702397689223,24.237120058387518,1.096450723707676,232.20165399834514,0.16542663797736168,0.36993203684687614,0.26168907061219215,0.405983068048954,226.10448068007827,0.006601214408874512,0.049408990889787674,0.015227124094963074,0.5705282092094421,0.0,0.0,0.0,1.0165371932089329,0.16123708337545395,1947.7280075661838,2309.846729003766,118.59185266273775,1947.4059827625751,0.32202480360865593,226.77215281873941,1720.9558547474444,3704512512,3971080192,11907058,48624951,55667712,213909504,81502208,213909504,,,,,623.8351198844612,
57,LiteDARE-Full-ContactAware,5703062,2,none,13,0.5123248995547833,0.05928982517102832,14154,1638,19.313708305358887,219.4101357460022,0,0,0,0,0,0,False,0,False,False,26.832815170288086,26.832815170288086,26.832815170288086,0,0,0,0,0,0,0,2,[],False,2025.3562531434,0,0,0,0,0,0,0,0,0,0,0,0,0,0,0.46779727563261986,0,0,0,0,0,0,0,0.4552430473268032,0.21818792447447777,176.08637921512127,38.390608970075846,1333.4550629369915,22.54705596715212,0.9464127942919731,224.20049086213112,0.15891622751951218,0.3547077067196369,0.25310879573225975,0.4077279008924961,227.57399873808026,0.007460825145244598,0.050690025091171265,0.015199650079011917,0.46469084918498993,0.0,0.0,0.0,0.8606482297182083,0.15590572729706764,2025.3562531434,2384.7015959981945,117.74232766690216,2025.0479010865092,0.3083520568907261,228.23483543470502,1797.121417708695,3704512512,3971080192,13434757,50152964,55667712,213909504,81502208,213909504,,,,,666.7275314684957,
57,LiteDARE-Full-ContactAware,5703062,2,none,14,0.5638324827161835,0.05150758316140014,15577,1423,20.257980346679688,239.66811609268188,0,0,0,0,0,0,False,0,False,False,25.298221588134766,25.298221588134766,25.298221588134766,0,0,0,0,0,0,0,2,[],False,2144.562751054764,0,0,0,0,0,0,0,0,0,0,0,0,0,0,0.45770080760121346,0,0,0,0,0,0,0,0.4874211736023426,0.21755509078502655,237.89094295352697,176.81737896054983,1226.835765875876,26.546052657067776,0.9047910571098328,241.1411190405488,0.17152167856693268,0.34838076680898666,0.2441699616611004,0.4121493548154831,232.22752520814538,0.007890164852142334,0.050900038331747055,0.0156438909471035,0.43844664469361305,0.0,0.0,0.0,0.8154320530593395,0.16869092360138893,2144.562751054764,2503.739517000213,116.74825163165752,2144.2447737790644,0.31797727569937706,232.88384452462196,1911.6789065301418,3704512512,3971080192,13577556,50296432,55667712,213909504,81502208,213909504,,,,,613.417882937938,
57,LiteDARE-Full-ContactAware,5703062,2,none,15,0.5761030875592718,0.012270604843088284,15916,339,13.656854152679443,253.32497024536133,0,0,0,0,0,0,False,0,False,False,31.240999221801758,28.284271240234375,28.284271240234375,0,0,0,0,0,0,0,2,[],False,2088.155618868768,0,0,0,0,0,0,0,0,0,0,0,0,0,0,0.43777981773018837,0,0,0,0,0,0,0,0.47498103231191635,0.21696509793400764,203.7942111492157,150.3974120132625,1221.741583198309,31.49493969976902,1.0223020799458027,249.22830611467361,0.15016412362456322,0.3301752731204033,0.24952320381999016,0.402884092181921,228.3341670408845,0.007598660886287689,0.05205441266298294,0.015402212738990784,0.5124378949403763,0.0,0.0,0.0,0.9347470477223396,0.14721602201461792,2088.155618868768,2446.8099910009187,117.17565342790147,2087.837614119053,0.3180047497153282,228.9865743368864,1859.1690445318818,3704512512,3971080192,15138296,51856805,55667712,213909504,81502208,213909504,,,,,610.8707915991545,
57,LiteDARE-Full-ContactAware,5703062,2,none,16,0.6132406703587071,0.037137582799435354,16942,1026,16.0,269.3249702453613,0,0,0,0,0,0,False,0,False,False,39.59798049926758,39.59798049926758,39.59798049926758,0,0,0,0,0,0,0,2,[],False,1991.0950982011855,0,0,0,0,0,0,0,0,0,0,0,0,0,0,0.467830803245306,0,0,0,0,0,0,0,0.47498103231191635,0.22775540128350258,163.65678701549768,45.3738528303802,1274.739813990891,28.20271300151944,0.9434046223759651,243.37652698159218,0.17404183745384216,0.349508598446846,0.24705100804567337,0.4462292417883873,232.57151013240218,0.008257105946540833,0.053966883569955826,0.017011072486639023,0.45857205986976624,0.0,0.0,0.0,0.855589285492897,0.17038825899362564,1991.0950982011855,2351.5357170035713,118.10263202033991,1990.7841756939888,0.3109225071966648,233.26479038223624,1757.8303078189492,3704512512,3971080192,15185790,51904560,55667712,213909504,81502208,213909504,,,,,637.3699069954455,
57,LiteDARE-Full-ContactAware,5703062,2,none,17,0.6437542983313426,0.03051362797263546,17785,843,12.0,281.3249702453613,0,0,0,0,0,0,False,0,False,False,30.463092803955078,32.24903106689453,32.24903106689453,0,0,0,0,0,0,0,2,[],False,2189.1181487590075,0,0,0,0,0,0,0,0,0,0,0,0,0,0,0.45981165021657944,0,0,0,0,0,0,0,0.4552011378109455,0.2119690179824829,208.8986332528293,175.4587241448462,1310.8728011138737,33.38921908289194,1.002551056444645,226.0269639082253,0.19433582201600075,0.35688886418938637,0.2483953721821308,0.41608186438679695,231.25148098915815,0.008035916835069656,0.05509331822395325,0.01641223207116127,0.4918971098959446,0.0,0.0,0.0,0.9126476943492889,0.1907641999423504,2189.1181487590075,2552.3404129999108,116.59217271789606,2188.783245626837,0.33490313217043877,231.91595822572708,1957.2021905332804,3704512512,3971080192,16727499,53445757,55667712,213909504,81502208,213909504,,,,,655.4364005569369,
57,LiteDARE-Full-ContactAware,5703062,2,none,18,0.7034422847214681,0.059687986390125514,19434,1649,17.8885440826416,299.21351432800293,0,0,0,0,0,0,False,0,False,False,28.0,28.0,28.0,0,0,0,0,0,0,0,2,[],False,2089.4918739795685,0,0,0,0,0,0,0,0,0,0,0,0,0,0,0.4766983911395073,0,0,0,0,0,0,0,0.47495821490883827,0.2187020145356655,236.56463529914618,94.35338480398059,1221.0656530223787,32.553916331380606,0.8912268094718456,268.41095089912415,0.16230903565883636,0.3654761239886284,0.27333106845617294,0.432782806456089,233.40568505227566,0.007468275725841522,0.05108490586280823,0.015922822058200836,0.4329150542616844,0.0,0.0,0.0,0.804469920694828,0.1589781604707241,2089.4918739795685,2450.970938996761,117.29985502785101,2089.173011481762,0.3188624978065491,234.11179892718792,1855.3800750523806,3704512512,3971080192,18301665,55028099,55667712,213909504,81502208,213909504,,,,,610.5328265111893,
57,LiteDARE-Full-ContactAware,5703062,2,none,19,0.7171969450175553,0.013754660296087184,19814,380,16.0,315.21351432800293,0,0,0,0,0,0,False,0,False,False,28.0,28.0,28.0,0,0,0,0,0,0,0,2,[],False,2407.298660837114,0,0,0,0,0,0,0,0,0,0,0,0,0,0,0.4843170754611492,0,0,0,0,0,0,0,0.4895459860563278,0.23992592468857765,297.20493219792843,286.98861598968506,1287.6660097390413,37.66359714791179,1.0679028928279877,258.2502239383757,0.1845080405473709,0.3603622317314148,0.2719680778682232,0.4301099106669426,236.14942096173763,0.008273869752883911,0.05559297278523445,0.016021542251110077,0.5242424085736275,0.0,0.0,0.0,0.9736442007124424,0.1798751763999462,2407.298660837114,2769.404211998335,115.04198698117925,2406.967123039067,0.33153779804706573,236.8514989502728,2170.447161886841,3704512512,3971080192,18466079,55185631,55667712,213909504,81502208,213909504,,,,,643.8330048695207,
57,LiteDARE-Full-ContactAware,5703062,2,none,20,0.736706844753321,0.01950989973576578,20353,539,16.0,331.21351432800293,0,0,0,0,0,0,False,0,False,False,28.0,28.0,28.0,0,0,0,0,0,0,0,2,[],False,2030.6770093739033,0,0,0,0,0,0,0,0,0,0,0,0,0,0,0.4579559899866581,0,0,0,0,0,0,0,0.4687388427555561,0.2164449542760849,209.0822239406407,58.15130425617099,1258.196740411222,34.98239815235138,0.9125471115112305,231.07828991487622,0.18506217747926712,0.34926505759358406,0.22960826754570007,0.395430251955986,234.94202876463532,0.007980968803167343,0.05591614171862602,0.016001984477043152,0.4406441003084183,0.0,0.0,0.0,0.8276882581412792,0.18129218369722366,2030.6770093739033,2389.655890998256,117.67779316785749,2030.3644193336368,0.3125900402665138,236.74140451475978,1793.9356048591435,3704512512,3971080192,19997273,56723561,55667712,213909504,81502208,213909504,,,,,629.098370205611,1.1743372306227684
57,LiteDARE-Full-ContactAware,5703062,2,none,21,0.7597278025120353,0.023020957758714267,20989,636,20.257980346679688,351.4714946746826,0,0,0,0,0,0,False,0,False,False,28.284271240234375,28.284271240234375,28.284271240234375,0,0,0,0,0,0,0,2,[],False,2511.193342972547,0,0,0,0,0,0,0,0,0,0,0,0,0,0,0.4774760454893112,0,0,0,0,0,0,0,0.4734182730317116,0.21640583872795105,332.7979538589716,391.4463701657951,1267.7955790422857,39.97122868895531,0.8106129243969917,246.39928387477994,0.1888703554868698,0.3761500120162964,0.27374085038900375,0.4323888570070267,229.69603119418025,0.00726897269487381,0.05051400512456894,0.0156378373503685,0.3893510438501835,0.0,0.0,0.0,0.7290658541023731,0.18528802320361137,2511.193342972547,2870.6492880010046,114.3141485315887,2510.8780339360237,0.3153090365231037,230.40216090157628,2280.7911820709705,3704512512,3971080192,20176964,56895446,55667712,213909504,81502208,213909504,,,,,633.8977895211428,
57,LiteDARE-Full-ContactAware,5703062,2,none,22,0.7720708003040504,0.012342997792015087,21330,341,16.0,367.4714946746826,0,0,0,0,0,0,False,0,False,False,34.4093017578125,34.4093017578125,34.4093017578125,0,0,0,0,0,0,0,2,[],False,2599.53358117491,0,0,0,0,0,0,0,0,0,0,0,0,0,0,0.46581216156482697,0,0,0,0,0,0,0,0.4584752023220062,0.2153678797185421,378.3708098344505,359.7899181768298,1315.8937371335924,44.88628823310137,1.038914080709219,252.17665219679475,0.18326612189412117,0.3617750480771065,0.2558678388595581,0.41430676355957985,245.1346442103386,0.007117167115211487,0.052508898079395294,0.016376841813325882,0.5196649581193924,0.0,0.0,0.0,0.9570233523845673,0.17988914623856544,2599.53358117491,2967.0665669982554,114.13842038760014,2599.1800227202475,0.3535584546625614,245.80481881275773,2353.7287623621523,3704512512,3971080192,20348569,57068531,55667712,213909504,81502208,213909504,,,,,657.9468685667962,
57,LiteDARE-Full-ContactAware,5703062,2,none,23,0.7720708003040504,0.0,21330,0,16.9442720413208,384.4157667160034,0,0,0,0,0,0,False,0,False,False,31.240999221801758,31.240999221801758,31.240999221801758,0,0,0,0,0,0,0,2,[],False,2315.804749727249,0,0,0,0,0,0,0,0,0,0,0,0,0,0,0.4834248684346676,0,0,0,0,0,0,0,0.4857601597905159,0.2255011349916458,305.93434209004045,223.17066323012114,1253.6958241835237,47.878723591566086,1.0130698792636395,233.41916501522064,0.1810048706829548,0.37981197237968445,0.27163513004779816,0.44336169958114624,248.36202431470156,0.008034985512495041,0.05249911919236183,0.016310252249240875,0.5016420036554337,0.0,0.0,0.0,0.9274031035602093,0.1771189272403717,2315.804749727249,2681.7797159965266,115.803360206096,2315.460887271911,0.34386245533823967,249.0770211443305,2066.7277285829186,3704512512,3971080192,21901718,58621850,55667712,213909504,81502208,213909504,,,,,626.8479120917618,
57,LiteDARE-Full-ContactAware,5703062,2,none,24,0.7720708003040504,0.0,21330,0,12.0,396.4157667160034,0,0,0,0,0,0,False,0,False,False,28.844409942626953,28.844409942626953,28.844409942626953,0,0,0,0,0,0,0,2,[],False,2242.6985590718687,0,0,0,0,0,0,0,0,0,0,0,0,0,0,0.48607634380459785,0,0,0,0,0,0,0,0.5018878728151321,0.24514924734830856,324.7725050896406,76.33838010951877,1305.8045590296388,44.66586699709296,0.9740726090967655,252.6539210230112,0.17531495541334152,0.3568432293832302,0.2568052150309086,0.41793007403612137,235.20174715667963,0.008683186024427414,0.05261227488517761,0.016056932508945465,0.477698165923357,0.0,0.0,0.0,0.8900812827050686,0.17220713198184967,2242.6985590718687,2604.149550999864,116.11678887766263,2242.3649826087058,0.333576463162899,235.87648244574666,2006.822076626122,3704512512,3971080192,21964269,58684307,55667712,213909504,81502208,213909504,,,,,652.9022795148194,
57,LiteDARE-Full-ContactAware,5703062,2,none,25,0.7720708003040504,0.0,21330,0,16.0,412.4157667160034,0,0,0,0,0,0,False,0,False,False,28.844409942626953,28.844409942626953,28.844409942626953,0,0,0,0,0,0,0,2,[],False,2572.7277770638466,0,0,0,0,0,0,0,0,0,0,0,0,0,0,0.43952278792858124,0,0,0,0,0,0,0,0.4753749817609787,0.22253906354308128,302.01756302267313,468.59684586524963,1273.4884191304445,47.061351127922535,1.0107229463756084,241.51847697794437,0.1611858606338501,0.32558804377913475,0.22575724869966507,0.41597476229071617,236.8808649480343,0.007967930287122726,0.05450984463095665,0.015426892787218094,0.4932829178869724,0.0,0.0,0.0,0.9248717688024044,0.15757791697978973,2572.7277770638466,2939.42213000264,114.25313459931184,2572.4006639793515,0.3271130844950676,237.52259695902467,2335.205180104822,3704512512,3971080192,23508230,60227092,55667712,213909504,81502208,213909504,,,,,636.7442095652223,
57,LiteDARE-Full-ContactAware,5703062,2,none,26,0.7720708003040504,0.0,21330,0,12.0,424.4157667160034,0,0,0,0,0,0,False,0,False,False,17.8885440826416,20.0,20.0,0,0,0,0,0,0,0,2,[],False,2675.1552391797304,0,0,0,0,0,0,0,0,0,0,0,0,0,0,0.4328293725848198,0,0,0,0,0,0,0,0.45203929767012596,0.21229637786746025,377.8735091909766,550.6409141235054,1192.0546838082373,50.333752762526274,0.9118029847741127,263.5629028081894,0.17966516315937042,0.3352910280227661,0.24735508486628532,0.42036594823002815,237.61579301208258,0.007799360901117325,0.05643395707011223,0.016380101442337036,0.4394962452352047,0.0,0.0,0.0,0.8157822303473949,0.17608096823096275,2675.1552391797304,3035.780746002274,113.48054503682263,2674.8403715901077,0.314867589622736,238.2835140451789,2436.8717251345515,3704512512,3971080192,23628766,60349055,55667712,213909504,81502208,213909504,,,,,596.0273419041187,
57,LiteDARE-Full-ContactAware,5703062,2,none,27,0.7720708003040504,0.0,21330,0,19.313708305358887,443.7294750213623,0,0,0,0,0,0,False,0,False,False,24.331050872802734,24.331050872802734,24.331050872802734,0,0,0,0,0,0,0,2,[],False,2171.327705960721,0,0,0,0,0,0,0,0,0,0,0,0,0,0,0.5249781534075737,0,0,0,0,0,0,0,0.47005433589220047,0.21952670067548752,314.54387959092855,77.88989134132862,1209.1704462654889,52.84851090982556,1.0023480281233788,279.01444723829627,0.18671108409762383,0.4343823529779911,0.26426976546645164,0.4165899008512497,234.5339460298419,0.0085439532995224,0.05385000258684158,0.015544705092906952,0.4981611855328083,0.0,0.0,0.0,0.9104292839765549,0.1832130365073681,2171.327705960721,2532.461170005263,116.63191894310378,2170.995003543794,0.3327024169266224,235.2148056961596,1936.1129002645612,3704512512,3971080192,25130853,61850361,55667712,213909504,81502208,213909504,,,,,604.5852231327444,
57,LiteDARE-Full-ContactAware,5703062,2,none,28,0.7816990625113114,0.009628262207260985,21596,266,16.9442720413208,460.6737470626831,0,0,0,0,0,0,False,0,False,False,28.284271240234375,28.284271240234375,28.284271240234375,0,0,0,0,0,0,0,2,[],False,2895.585022866726,0,0,0,0,0,0,0,0,0,0,0,0,0,0,0.5077524110674858,0,0,0,0,0,0,0,0.48931874334812164,0.23566791787743568,391.11020509153605,710.299882106483,1283.3191491663456,50.98824296146631,1.008619088679552,218.51357584819198,0.17694709822535515,0.38877781480550766,0.2982276491820812,0.49058394506573677,237.9407798871398,0.007511116564273834,0.05047908052802086,0.01502176746726036,0.5067521706223488,0.0,0.0,0.0,0.9226449765264988,0.17360690981149673,2895.585022866726,3259.9546710043796,112.58362801507087,2895.2599773183465,0.32504554837942123,238.72959148138762,2656.8554313853383,3704512512,3971080192,26735044,63463283,55667712,213909504,81502208,213909504,,,,,641.6595745831728,
57,LiteDARE-Full-ContactAware,5703062,2,none,29,0.7925580048503276,0.010858942339016187,21896,300,16.9442720413208,477.6180191040039,0,0,0,0,0,0,False,0,False,False,39.39543151855469,39.39543151855469,39.39543151855469,0,0,0,0,0,0,0,2,[],False,2176.485609728843,0,0,0,0,0,0,0,0,0,0,0,0,0,0,0.48373546451330185,0,0,0,0,0,0,0,0.4543634131550789,0.23359479382634163,327.77654007077217,83.2587513141334,1223.9333121106029,48.068650998175144,0.8427570573985577,230.86265288293362,0.19487179815769196,0.3688097931444645,0.3095623105764389,0.4490287974476814,259.3983793631196,0.00805594027042389,0.05185464397072792,0.015834812074899673,0.40756771340966225,0.0,0.0,0.0,0.7572849281132221,0.19079213961958885,2176.485609728843,2544.608802003495,116.91365155961286,2176.151274703443,0.3343350253999233,260.1569704711437,1916.3286392576993,3704512512,3971080192,26840368,63560061,55667712,213909504,81502208,213909504,,,,,611.9666560553014,
57,LiteDARE-Full-ContactAware,5703062,2,none,30,0.7925580048503276,0.0,21896,0,9.656854152679443,487.27487325668335,0,0,0,0,0,0,False,0,False,False,28.284271240234375,34.4093017578125,34.4093017578125,0,0,0,0,0,0,0,2,[],False,2906.5707908011973,0,0,0,0,0,0,0,0,0,0,0,0,0,0,0.4468667320907116,0,0,0,0,0,0,0,0.4568560980260372,0.23007066920399666,286.8972718715668,810.6538546271622,1282.0541658438742,54.39224559813738,0.8373591117560863,230.85305513814092,0.1874309964478016,0.3263549879193306,0.29869377613067627,0.45263906940817833,233.63386327400804,0.007327180355787277,0.05107372999191284,0.015520956367254257,0.40519703179597855,0.0,0.0,0.0,0.75487419962883,0.18365401774644852,2906.5707908011973,3264.017020002939,112.29786765672449,2906.2216263264418,0.3491644747555256,239.332961384207,2667.2378294169903,3704512512,3971080192,28316027,65035987,55667712,213909504,81502208,213909504,,,,,641.0270829219371,4.94776526466012
57,LiteDARE-Full-ContactAware,5703062,2,none,31,0.7925580048503276,0.0,21896,0,16.0,503.27487325668335,0,0,0,0,0,0,False,0,False,False,23.323806762695312,23.323806762695312,23.323806762695312,0,0,0,0,0,0,0,2,[],False,2176.449111197144,0,0,0,0,0,0,0,0,0,0,0,0,0,0,0.4312405362725258,0,0,0,0,0,0,0,0.4610661417245865,0.22448739036917686,260.28023567050695,78.26140569522977,1279.567115008831,49.67658733949065,0.8658710867166519,270.3599170781672,0.1563490368425846,0.3102109767496586,0.24738162755966187,0.40085893124341965,235.33956799656153,0.007562804967164993,0.051966868340969086,0.01582968980073929,0.4139239899814129,0.0,0.0,0.0,0.7771309465169907,0.15250593423843384,2176.449111197144,2536.4170230022864,116.53922942435095,2176.151053979993,0.2980572171509266,235.9878085553646,1940.4613026417792,3704512512,3971080192,28358365,65078594,55667712,213909504,81502208,213909504,,,,,639.7835575044155,
57,LiteDARE-Full-ContactAware,5703062,2,none,32,0.7925580048503276,0.0,21896,0,14.601126194000244,517.8759994506836,0,0,0,0,0,0,False,0,False,False,24.331050872802734,24.331050872802734,24.331050872802734,0,0,0,0,0,0,0,2,[],False,2234.6555958501995,0,0,0,0,0,0,0,0,0,0,0,0,0,0,0.44631352648139,0,0,0,0,0,0,0,0.44900504872202873,0.21585077047348022,317.13948119431734,79.00716410949826,1275.6334017030895,51.84637429192662,1.0197111405432224,251.82609586045146,0.1754937693476677,0.33999886363744736,0.25615282356739044,0.42205117642879486,255.99204981699586,0.008508097380399704,0.05463976413011551,0.01578405499458313,0.49390876665711403,0.0,0.0,0.0,0.9344811551272869,0.17187092453241348,2234.6555958501995,2593.7100010050926,116.06754999838296,2234.322830568999,0.33276528120040894,256.67025381699204,1977.9853420332074,3704512512,3971080192,29883203,66603229,55667712,213909504,81502208,213909504,,,,,637.8167008515447,
57,LiteDARE-Full-ContactAware,5703062,2,none,33,0.7925580048503276,0.0,21896,0,12.9442720413208,530.8202714920044,0,0,0,0,0,0,False,0,False,False,20.0,20.0,20.0,0,0,0,0,0,0,0,2,[],False,2269.714924041182,0,0,0,0,0,0,0,0,0,0,0,0,0,0,0.4493086598813534,0,0,0,0,0,0,0,0.4568863660097122,0.23507606238126755,391.36279420927167,79.09574499353766,1256.044757552445,51.94479273632169,1.0212329216301441,250.93332212418318,0.15302002429962158,0.3295908682048321,0.22214185446500778,0.40089478716254234,237.18419624492526,0.008168164640665054,0.05261413753032684,0.015848781913518906,0.498725101351738,0.0,0.0,0.0,0.9306920692324638,0.14947820454835892,2269.714924041182,2635.201742006757,116.10276313092365,2269.3844507448375,0.33047329634428024,237.8072328865528,2031.907691154629,3704512512,3971080192,31437963,68165673,55667712,213909504,81502208,213909504,,,,,628.0223787762225,
57,LiteDARE-Full-ContactAware,5703062,2,none,34,0.7925580048503276,0.0,21896,0,17.8885440826416,548.708815574646,0,0,0,0,0,0,False,0,False,False,20.0,20.0,20.0,0,0,0,0,0,0,0,2,[],False,2856.287255883217,0,0,0,0,0,0,0,0,0,0,0,0,0,0,0.4579033702611923,0,0,0,0,0,0,0,0.49230316653847694,0.23912079632282257,334.3501118943095,711.63090178743,1290.322336833924,56.37842882424593,0.9923963807523251,230.73669662699103,0.19109295681118965,0.3188466653227806,0.22240029647946358,0.4303222522139549,229.66326400637627,0.007519964128732681,0.05273893475532532,0.016313977539539337,0.495880376547575,0.0,0.0,0.0,0.9052050299942493,0.1877984032034874,2856.287255883217,3214.601522005978,112.54475597245082,2855.968222487718,0.319033395498991,230.31598655506968,2625.971269328147,3704512512,3971080192,31469507,68188617,55667712,213909504,81502208,213909504,,,,,645.161168416962,
57,LiteDARE-Full-ContactAware,5703062,2,none,35,0.7925580048503276,0.0,21896,0,16.0,564.708815574646,0,0,0,0,0,0,False,0,False,False,29.120439529418945,29.120439529418945,29.120439529418945,0,0,0,0,0,0,0,2,[],False,2178.5871060565114,0,0,0,0,0,0,0,0,0,0,0,0,0,0,0.4415484145283699,0,0,0,0,0,0,0,0.443020835518837,0.21484959870576859,289.433672092855,82.440588157624,1277.0854490809143,54.122048895806074,1.0869312100112438,242.85890208557248,0.16428809612989426,0.3322139382362366,0.265234149992466,0.4273052327334881,229.3902081437409,0.009024981409311295,0.05651824176311493,0.016259029507637024,0.5332292057573795,0.0,0.0,0.0,0.998249277472496,0.16051577404141426,2178.5871060565114,2537.2539989984944,116.46327989112221,2178.2647115178406,0.3223945386707783,230.08274752646685,1948.5043585300446,3704512512,3971080192,33006127,69725589,55667712,213909504,81502208,213909504,,,,,638.5427245404571,
57,LiteDARE-Full-ContactAware,5703062,2,none,36,0.8182575017193325,0.025699496869004967,22606,710,20.257980346679688,584.9667959213257,0,0,0,0,0,0,False,0,False,False,32.24903106689453,34.4093017578125,34.4093017578125,0,0,0,0,0,0,0,2,[],False,2873.0851700529456,0,0,0,0,0,0,0,0,0,0,0,0,0,0,0.46629272401332855,0,0,0,0,0,0,0,0.4534730687737465,0.2140863798558712,277.18555461615324,791.8437155894935,1290.4495331458747,59.63062355294824,0.9704157710075378,213.8831140473485,0.19480986520648003,0.36233803257346153,0.3067590296268463,0.4651411436498165,236.80225713178515,0.007833819836378098,0.05551939830183983,0.015947967767715454,0.4770462401211262,0.0,0.0,0.0,0.8878791704773903,0.19029388204216957,2873.0851700529456,3232.7612770022824,112.51881116154689,2872.761821374297,0.32334867864847183,237.57415730506182,2635.511012747884,3704512512,3971080192,33052142,69772622,55667712,213909504,81502208,213909504,,,,,645.2247665729374,
57,LiteDARE-Full-ContactAware,5703062,2,none,37,0.8273066203351793,0.009049118615846785,22856,250,16.9442720413208,601.9110679626465,0,0,0,0,0,0,False,0,False,False,31.240999221801758,31.240999221801758,31.240999221801758,0,0,0,0,0,0,0,2,[],False,2292.9991339333355,0,0,0,0,0,0,0,0,0,0,0,0,0,0,0.45067397877573967,0,0,0,0,0,0,0,0.4648561589419842,0.2237916924059391,263.3247869089246,258.3510400727391,1248.8450510427356,55.86484307423234,0.9588683024048805,230.47385085374117,0.16366411000490189,0.33009564504027367,0.2414938062429428,0.405789352953434,233.01759269088507,0.008426140993833542,0.061742961406707764,0.016559846699237823,0.44008390977978706,0.0,0.0,0.0,0.874584075063467,0.1601986587047577,2292.9991339333355,2653.1584979966283,115.70691234608044,2292.665723711252,0.33341022208333015,233.66487585008144,2059.334258083254,3704512512,3971080192,34582930,71304255,55667712,213909504,81502208,213909504,,,,,624.4225255213678,
57,LiteDARE-Full-ContactAware,5703062,2,none,38,0.8273066203351793,0.0,22856,0,12.0,613.9110679626465,0,0,0,0,0,0,False,0,False,False,24.331050872802734,25.298221588134766,25.298221588134766,0,0,0,0,0,0,0,2,[],False,2780.1838479936123,0,0,0,0,0,0,0,0,0,0,0,0,0,0,0.48679253086447716,0,0,0,0,0,0,0,0.4660501144826412,0.22643711417913437,243.12149779871106,778.5150208510458,1236.5276468917727,59.12143783643842,0.8917911909520626,223.28018303960562,0.19553909078240395,0.37593115121126175,0.270115677267313,0.43577468022704124,236.42660165205598,0.008257105946540833,0.05441484972834587,0.015723053365945816,0.43134717270731926,0.0,0.0,0.0,0.8072271011769772,0.19175279885530472,2780.1838479936123,3324.2301189966383,119.56871562273301,2779.8540270887315,0.3298209048807621,237.13249200955033,2543.051355984062,3704512512,3971080192,36085684,72805253,55667712,213909504,81502208,213909504,,,,,618.2638234458864,
57,LiteDARE-Full-ContactAware,5703062,2,none,39,0.8273066203351793,0.0,22856,0,16.0,629.9110679626465,0,0,0,0,0,0,False,0,False,False,25.298221588134766,25.298221588134766,25.298221588134766,0,0,0,0,0,0,0,2,[],False,2852.206134237349,0,0,0,0,0,0,0,0,0,0,0,0,0,0,0.4603099077939987,0,0,0,0,0,0,0,0.5024387501180172,0.26219291612505913,296.9816466793418,764.022845774889,1241.125765722245,58.12140088528395,0.8738026954233646,251.97286996990442,0.1779976300895214,0.3075329586863518,0.25286804884672165,0.4153139889240265,236.84497410431504,0.008280854672193527,0.058049336075782776,0.016506295651197433,0.4144948907196522,0.0,0.0,0.0,0.784172210842371,0.1745740883052349,2852.206134237349,3367.200356995454,118.05599590352922,2851.8616501241922,0.3444841131567955,237.5131561420858,2614.6929780952632,3704512512,3971080192,36226303,72947610,55667712,213909504,81502208,213909504,,,,,620.5628828611225,
57,LiteDARE-Full-ContactAware,5703062,2,none,40,0.8273066203351793,0.0,22856,0,15.313708305358887,645.2247762680054,0,0,0,0,0,0,False,0,False,False,17.8885440826416,20.0,20.0,0,0,0,0,0,0,0,2,[],False,2667.0011510141194,0,0,0,0,0,0,0,0,0,0,0,0,0,0,0.4296302795410156,0,0,0,0,0,0,0,0.44704508036375046,0.2241707406938076,216.92882338538766,690.6051337718964,1214.61038896814,60.564701911062,0.9526149369776249,240.5239436775446,0.1942301169037819,0.3183120861649513,0.24968385696411133,0.4228530451655388,238.62010007724166,0.008580740541219711,0.055903103202581406,0.016493722796440125,0.46331994235515594,0.0,0.0,0.0,0.8659460581839085,0.19029201939702034,2667.0011510141194,3184.951158000331,119.42068929326344,2666.6563246399164,0.3448263742029667,241.286959964782,2425.7141910493374,3704512512,3971080192,37708064,74429694,55667712,213909504,81502208,213909504,,,,,607.30519448407,1.9943229854106903
57,LiteDARE-Full-ContactAware,5703062,2,none,41,0.8273066203351793,0.0,22856,0,16.0,661.2247762680054,0,0,0,0,0,0,False,0,False,False,20.0,20.0,20.0,0,0,0,0,0,0,0,2,[],False,2117.455366998911,0,0,0,0,0,0,0,0,0,0,0,0,0,0,0.3951340913772583,0,0,0,0,0,0,0,0.4733242094516754,0.2180156297981739,196.8525550328195,85.87051136419177,1271.9567068852484,55.589728988707066,0.9020320139825344,256.36400701478124,0.17316965386271477,0.2821669913828373,0.2316562458872795,0.4275408573448658,247.7836017496884,0.007756054401397705,0.054176896810531616,0.016207341104745865,0.4375828430056572,0.0,0.0,0.0,0.814695842564106,0.16997195780277252,2117.455366998911,2639.722038002219,124.66482548548457,2117.1250166371465,0.330350361764431,248.44279885292053,1869.0125681459904,3704512512,3971080192,37743733,74465738,55667712,213909504,81502208,213909504,,,,,635.9783534426242,
57,LiteDARE-Full-ContactAware,5703062,2,none,42,0.8273066203351793,0.0,22856,0,17.8885440826416,679.113320350647,0,0,0,0,0,0,False,0,False,False,21.540658950805664,21.540658950805664,21.540658950805664,0,0,0,0,0,0,0,2,[],False,2144.5523677393794,0,0,0,0,0,0,0,0,0,0,0,0,0,0,0.3704419359564781,0,0,0,0,0,0,0,0.48496806994080544,0.21204771474003792,217.01002214103937,87.85306802019477,1287.608356680721,57.88976000621915,0.974385067820549,255.14808017760515,0.17742300406098366,0.256252009421587,0.22925110533833504,0.4131919704377651,235.96290266141295,0.008367002010345459,0.05641672760248184,0.0164080411195755,0.4721987061202526,0.0,0.0,0.0,0.8905059657990932,0.17413217574357986,2144.5523677393794,2655.1975020047394,123.81126905302118,2144.2197086289525,0.33265911042690277,236.60534573718905,1907.9470220021904,3704512512,3971080192,39255177,75974529,55667712,213909504,81502208,213909504,,,,,643.8041783403605,
57,LiteDARE-Full-ContactAware,5703062,2,none,43,0.8273066203351793,0.0,22856,0,16.9442720413208,696.0575923919678,0,0,0,0,0,0,False,0,False,False,20.39607810974121,20.39607810974121,20.39607810974121,0,0,0,0,0,0,0,2,[],False,2127.317131962627,0,0,0,0,0,0,0,0,0,0,0,0,0,0,0.39319228380918503,0,0,0,0,0,0,0,0.47262711450457573,0.22577820345759392,254.2080939747393,86.17359213531017,1222.2247067838907,60.729239135980606,1.1306698434054852,264.9283651262522,0.19706320017576218,0.2492000348865986,0.19792979583144188,0.4181959666311741,235.82825670018792,0.00969739630818367,0.061513856053352356,0.01709023490548134,0.5467897281050682,0.0,0.0,0.0,1.0390672832727432,0.19343290477991104,2127.317131962627,2639.82252599817,124.09163101895926,2126.9837180152535,0.3334139473736286,236.44438246265054,1890.8727494999766,3704512512,3971080192,40769120,77490443,55667712,213909504,81502208,213909504,,,,,611.1123533919454,
57,LiteDARE-Full-ContactAware,5703062,2,none,44,0.8273066203351793,0.0,22856,0,16.9442720413208,713.0018644332886,0,0,0,0,0,0,False,0,False,False,20.0,20.0,20.0,0,0,0,0,0,0,0,2,[],False,2272.024764213711,0,0,0,0,0,0,0,0,0,0,0,0,0,0,0.43806619942188263,0,0,0,0,0,0,0,0.4985569976270199,0.23958133533596992,273.19724578410387,84.45418626070023,1328.2732302322984,58.08539316058159,1.05317123234272,289.8505236953497,0.15986710786819458,0.29410282149910927,0.23124786093831062,0.403083860874176,234.95852202177048,0.008330214768648148,0.05922885611653328,0.015940051525831223,0.5066539160907269,0.0,0.0,0.0,0.9674732573330402,0.15691807493567467,2272.024764213711,2788.3294849962112,122.72443192146191,2271.6987123712897,0.32605184242129326,235.59285374358296,2036.431910470128,3704512512,3971080192,40808632,77529699,55667712,213909504,81502208,213909504,,,,,664.1366151161492,
57,LiteDARE-Full-ContactAware,5703062,2,none,45,0.8399029934484381,0.012596373113258785,23204,348,16.0,729.0018644332886,0,0,0,0,0,0,False,0,False,False,20.0,20.0,20.0,0,0,0,0,0,0,0,2,[],False,2173.5162241384387,0,0,0,0,0,0,0,0,0,0,0,0,0,0,0.41759107261896133,0,0,0,0,0,0,0,0.4876130260527134,0.20850682631134987,291.88075801357627,87.26046606898308,1229.1989871300757,57.872320991009474,1.1045411229133606,261.84964505955577,0.16692094504833221,0.3140689805150032,0.2561141736805439,0.4470129497349262,242.1504440717399,0.00899704173207283,0.055814627557992935,0.01656683161854744,0.535265076905489,0.0,0.0,0.0,1.0197591036558151,0.16295770183205605,2173.5162241384387,2687.574196999776,123.65098392882277,2173.1973993591964,0.31882477924227715,242.85357119515538,1930.6626529432833,3704512512,3971080192,42319368,79040200,55667712,213909504,81502208,213909504,,,,,614.5994935650378,
57,LiteDARE-Full-ContactAware,5703062,2,none,46,0.8582184095269121,0.01831541607847398,23710,506,16.0,745.0018644332886,0,0,0,0,0,0,False,0,False,False,20.0,20.0,20.0,0,0,0,0,0,0,0,2,[],False,2255.6850989349186,0,0,0,0,0,0,0,0,0,0,0,0,0,0,0.4591611213982105,0,0,0,0,0,0,0,0.47821085900068283,0.22259214892983437,306.8383620120585,162.30747569352388,1215.0409817695618,58.90609882771969,1.007886603474617,273.72806798666716,0.1810709945857525,0.35055866464972496,0.2582790330052376,0.415668822824955,235.62260204926133,0.008223112672567368,0.054209958761930466,0.016007572412490845,0.48492709174752235,0.0,0.0,0.0,0.923466868698597,0.17745373770594597,2255.6850989349186,2768.8260430004448,122.74878458468423,2255.357855465263,0.32724346965551376,236.29654990509152,2019.3885490298271,3704512512,3971080192,42372195,79094175,55667712,213909504,81502208,213909504,,,,,607.5204908847809,
57,LiteDARE-Full-ContactAware,5703062,2,none,47,0.8816013320302603,0.02338292250334817,24356,646,19.313708305358887,764.3155727386475,0,0,0,0,0,0,False,0,False,False,21.540658950805664,21.540658950805664,21.540658950805664,0,0,0,0,0,0,0,2,[],False,2303.6295124329627,0,0,0,0,0,0,0,0,0,0,0,0,0,0,0.4714569076895714,0,0,0,0,0,0,0,0.4941429942846298,0.2266247756779194,308.517687022686,166.88056383281946,1244.3952313624322,60.68683601915836,0.9924178011715412,276.1818771250546,0.19627390429377556,0.3591710701584816,0.28169993311166763,0.42341602966189384,243.6547288671136,0.008485745638608932,0.05584815517067909,0.01577800139784813,0.4794499836862087,0.0,0.0,0.0,0.9078141301870346,0.19241496920585632,2303.6295124329627,2823.8955669949064,122.58462360175567,2303.290670737624,0.3388416953384876,244.35984482988715,2059.2696676030755,3704512512,3971080192,43891941,80612983,55667712,213909504,81502208,213909504,,,,,622.1976156812161,
57,LiteDARE-Full-ContactAware,5703062,2,none,48,0.9007130705469287,0.019111738516668475,24884,528,16.0,780.3155727386475,0,0,0,0,0,0,False,0,False,False,12.0,12.0,12.0,0,0,0,0,0,0,0,2,[],False,2332.9029139131308,0,0,0,0,0,0,0,0,0,0,0,0,0,0,0.464507844299078,0,0,0,0,0,0,0,0.4557180218398571,0.20185625180602074,276.65991010144353,224.35636585578322,1224.4159001857042,68.07548319920897,1.5615131705999374,289.1208417713642,0.17508305609226227,0.3816257230937481,0.26717409491539,0.43408898636698723,246.4398299343884,0.00938214361667633,0.06226636469364166,0.017459038645029068,0.9257253259420395,0.0,0.0,0.0,1.4697532169520855,0.17083808779716492,2332.9029139131308,2863.1696829979774,122.72991155878816,2332.545390352607,0.3575235605239868,247.14109301567078,2085.76182089746,3704512512,3971080192,43923710,80645070,55667712,213909504,81502208,213909504,,,,,612.2079500928521,
57,LiteDARE-Full-ContactAware,5703062,2,none,49,0.9315162703152713,0.03080319976834256,25735,851,16.9442720413208,797.2598447799683,0,0,0,0,0,0,False,0,False,False,12.649110794067383,12.649110794067383,12.649110794067383,0,0,1,0,0,0,0,2,[],False,2305.184322874993,0,0,0,0,0,0,0,0,0,0,0,0,0,0,0.4382501356303692,0,0,0,0,0,0,0,0.5499022081494331,0.20070094615221024,299.48274698108435,170.98770895972848,1282.1448156610131,62.0104200206697,1.0176170617341995,250.506860204041,0.18500490114092827,0.3461628220975399,0.26816222816705704,0.4133470356464386,236.75320204347372,0.008620787411928177,0.05838274955749512,0.01658126711845398,0.48477575182914734,0.0,0.0,0.0,0.9277202188968658,0.18206192180514336,2305.184322874993,2828.6102739948547,122.7064684557221,2304.866651073098,0.3176718018949032,237.43471130728722,2067.749611567706,3704512512,3971080192,44013904,80735609,55667712,213909504,81502208,213909504,,,,,641.0724078305066,
57,LiteDARE-Full-ContactAware,5703062,2,none,50,0.9425923915010678,0.011076121185796484,26041,306,16.9442720413208,814.2041168212891,0,0,0,0,0,0,False,0,False,False,12.0,12.0,12.0,0,0,0,0,0,0,0,2,[],False,2886.776562780142,0,0,0,0,0,0,0,0,0,0,0,0,0,0,0.42073242366313934,0,0,0,0,0,0,0,0.47483621165156364,0.20062783733010292,317.686784081161,713.2367449812591,1302.9355760663748,70.14403212815523,0.9772470220923424,247.38981993868947,0.13918522745370865,0.323267187923193,0.2483469434082508,0.4312461242079735,230.21560069173574,0.007752329111099243,0.053579919040203094,0.015731900930404663,0.482186209410429,0.0,0.0,0.0,0.8942261338233948,0.13618404045701027,2886.776562780142,3559.963407999021,123.31967267222646,2886.461043730378,0.3155190497636795,232.95292304828763,2653.823639731854,3704512512,3971080192,45613468,82334906,55667712,213909504,81502208,213909504,,,,,651.4677880331874,2.0577292889356613
57,LiteDARE-Full-ContactAware,5703062,2,none,51,0.9642016867557099,0.02160929525464217,26638,597,12.0,826.2041168212891,0,0,0,0,0,0,False,0,False,False,16.0,16.0,16.0,0,0,1,0,0,0,0,2,[],False,2251.9078394398093,0,0,0,0,0,0,0,0,0,0,0,0,0,0,0.42014941573143005,0,0,0,0,0,0,0,0.595207791775465,0.1983516849577427,364.8276161402464,92.30330819264054,1240.159997716546,65.81238890066743,1.0300567373633385,250.17678225412965,0.17702067270874977,0.33129332587122917,0.24980679154396057,0.4171016626060009,235.31293496489525,0.008143950253725052,0.05411263555288315,0.016512814909219742,0.49601495265960693,0.0,0.0,0.0,0.940933357924223,0.17413869500160217,2251.9078394398093,2926.9686120023835,129.97728240648178,2251.591866835952,0.31597260385751724,235.9798434190452,2015.927996020764,3704512512,3971080192,45801860,82524590,55667712,213909504,81502208,213909504,,,,,620.079998858273,
57,LiteDARE-Full-ContactAware,5703062,2,none,52,0.9732508053715568,0.009049118615846896,26888,250,16.9442720413208,843.1483888626099,0,0,0,0,0,0,False,0,False,False,16.492422103881836,16.492422103881836,16.492422103881836,0,0,0,0,0,0,0,2,[],False,3182.4491997249424,0,0,0,0,0,0,0,0,0,0,0,0,0,0,0.4301471635699272,0,0,0,0,0,0,0,0.46591274440288544,0.19733421504497528,358.79558930173516,936.417599208653,1333.3708508871496,73.62096197903156,0.9804693982005119,244.61752688512206,0.16443990170955658,0.3464040346443653,0.2587251365184784,0.4068249836564064,232.46628465130925,0.007830094546079636,0.05411868914961815,0.01636892557144165,0.48010703176259995,0.0,0.0,0.0,0.897649209946394,0.16130506992340088,3182.4491997249424,3856.6956119975657,121.18639984358268,3182.1089233271778,0.34027639776468277,233.13183477148414,2949.3173649534583,3704512512,3971080192,47357043,84077789,55667712,213909504,81502208,213909504,,,,,666.6854254435748,
57,LiteDARE-Full-ContactAware,5703062,2,none,53,0.9732508053715568,0.0,26888,0,13.656854152679443,856.8052430152893,0,0,0,1,0,1,True,0,False,True,0.0,4.0,4.0,0,0,0,0,0,0,0,2,[],False,2195.326305925846,0,0,0,0,0,0,0,0,0,0,0,0,0,0,0.42305653914809227,0,0,0,0,0,0,0,0.45556388795375824,0.18746312707662582,309.8752470687032,136.30717480555177,1188.2312819361687,75.28080604970455,1.142171211540699,244.70251379534602,0.17313705757260323,0.34582335501909256,0.250902958214283,0.4088268615305424,237.6252212561667,0.008006114512681961,0.05687493830919266,0.016893725842237473,0.5600256845355034,0.0,0.0,0.0,1.0529388673603535,0.16971910372376442,2195.326305925846,2864.1765200009104,130.4670067620306,2194.9861333705485,0.34017255529761314,238.28495107591152,1957.0413548499346,3704512512,3971080192,47396871,84117738,55667712,213909504,81502208,213909504,,,,,594.1156409680843,
57,LiteDARE-Full-ContactAware,5703062,2,none,54,0.9732508053715568,0.0,26888,0,16.9442720413208,873.7495150566101,0,0,0,0,0,0,False,0,False,False,12.649110794067383,12.649110794067383,12.649110794067383,0,0,1,0,0,0,0,2,[],False,3022.831239271909,0,0,0,0,0,0,0,0,0,0,0,0,0,0,0.4168562591075897,0,0,0,0,0,0,0,0.5411775782704353,0.2036229707300663,329.5946358703077,844.3248020485044,1292.0804140157998,70.93837577849627,0.958204735070467,244.465506169945,0.19236095249652863,0.3264700062572956,0.2655680291354656,0.4376550205051899,238.17265825346112,0.007534865289926529,0.05151424556970596,0.015447847545146942,0.46510808169841766,0.0,0.0,0.0,0.8577299304306507,0.18776999786496162,3022.831239271909,3705.5142459939816,122.58422494292161,3022.5014514289796,0.32978784292936325,238.87588130310178,2783.955357968807,3704512512,3971080192,47501016,84221487,55667712,213909504,81502208,213909504,,,,,646.0402070078999,
57,LiteDARE-Full-ContactAware,5703062,2,none,55,0.9732508053715568,0.0,26888,0,13.656854152679443,887.4063692092896,0,0,0,0,0,0,False,0,False,False,12.0,16.0,16.0,0,0,0,0,0,0,0,2,[],False,2757.056871894747,0,0,0,0,0,0,0,0,0,0,0,0,0,0,0.3913980908691883,0,0,0,0,0,0,0,0.464526005089283,0.19683083519339561,272.7145180106163,651.3072154484689,1251.2802192941308,76.6849061474204,1.0398603044450283,258.5296621546149,0.1934720203280449,0.3055231645703316,0.2725389786064625,0.44073304161429405,243.29754197970033,0.008858274668455124,0.05647726356983185,0.01649279147386551,0.5084597505629063,0.0,0.0,0.0,0.9484109468758106,0.1901271753013134,2757.056871894747,3505.2258690047893,127.13650939655349,2756.7275473847985,0.32932450994849205,244.01081399992108,2513.046057894826,3704512512,3971080192,48996466,85718847,55667712,213909504,81502208,213909504,,,,,625.6401096470654,
57,LiteDARE-Full-ContactAware,5703062,2,none,56,0.9732508053715568,0.0,26888,0,16.0,903.4063692092896,0,0,0,0,0,0,False,0,False,False,16.0,16.0,16.0,0,0,0,0,0,0,0,2,[],False,2173.7534631974995,0,0,0,0,0,0,0,0,0,0,0,0,0,0,0.34284964203834534,0,0,0,0,0,0,0,0.484442338347435,0.19108504056930542,239.48041815310717,98.43265637755394,1268.3117520064116,72.75847811251879,1.088334247469902,248.3347188681364,0.1521189697086811,0.24889782071113586,0.22356398403644562,0.4068422131240368,243.32307325676084,0.00816071406006813,0.05560088902711868,0.017029233276844025,0.5309609696269035,0.0,0.0,0.0,1.001786906272173,0.14914711937308311,2173.7534631974995,2851.0147529959795,131.15630641950798,2173.4363813884556,0.3170818090438843,243.95347945392132,1929.7999837435782,3704512512,3971080192,49031750,85761560,55667712,213909504,81502208,213909504,,,,,634.1558760032058,
57,LiteDARE-Full-ContactAware,5703062,2,none,57,0.9732508053715568,0.0,26888,0,16.9442720413208,920.3506412506104,0,0,0,0,0,0,False,0,False,False,16.492422103881836,16.492422103881836,16.492422103881836,0,0,0,0,0,0,0,2,[],False,2200.0012937933207,0,0,0,0,0,0,0,0,0,0,0,0,0,0,0.37646759301424026,0,0,0,0,0,0,0,0.475976150482893,0.18968293443322182,237.46880004182458,94.19955313205719,1306.4478929154575,71.05019688606262,1.0069566778838634,254.85013471916318,0.17470400780439377,0.2918797545135021,0.2473951317369938,0.40475325658917427,232.87515994161367,0.008443370461463928,0.05754316225647926,0.01619383692741394,0.4955613985657692,0.0,0.0,0.0,0.9195278398692608,0.17104577273130417,2200.0012937933207,2864.4655629977933,130.2029035655147,2199.683085549623,0.3182082436978817,233.52730832993984,1966.4739854633808,3704512512,3971080192,50536715,87258091,55667712,213909504,81502208,213909504,,,,,653.2239464577287,
57,LiteDARE-Full-ContactAware,5703062,2,none,58,0.9732508053715568,0.0,26888,0,16.9442720413208,937.2949132919312,0,0,0,0,0,0,False,0,False,False,12.649110794067383,12.649110794067383,12.649110794067383,0,0,0,0,0,0,0,2,[],False,2148.683079984039,0,0,0,0,0,0,0,0,0,0,0,0,0,0,0.3570960834622383,0,0,0,0,0,0,0,0.4693958908319473,0.19427435472607613,236.63057573139668,94.44503393024206,1242.9175898432732,74.75715689361095,1.1268910020589828,261.5040969103575,0.18129823729395866,0.2573239617049694,0.2129068598151207,0.4071006551384926,235.26530666276813,0.00993208959698677,0.05923304706811905,0.016806647181510925,0.544167123734951,0.0,0.0,0.0,1.0354658588767052,0.17426535487174988,2148.683079984039,2811.8899799956125,130.8657384697468,2148.368950933218,0.3141290508210659,235.88531417772174,1912.7977658063173,3704512512,3971080192,52061568,88783538,55667712,213909504,81502208,213909504,,,,,621.4587949216366,
57,LiteDARE-Full-ContactAware,5703062,2,none,59,0.9732508053715568,0.0,26888,0,17.8885440826416,955.1834573745728,0,0,0,0,0,0,False,0,False,False,17.8885440826416,17.8885440826416,17.8885440826416,0,0,0,0,0,0,0,2,[],False,2206.282732076943,0,0,0,0,0,0,0,0,0,0,0,0,0,0,0.35347649827599525,0,0,0,0,0,0,0,0.4564090631902218,0.19118143245577812,240.7116200774908,97.00154792517424,1294.9554417282343,68.48648702725768,0.9971172548830509,263.60784005373716,0.1806388609111309,0.257306732237339,0.22074300795793533,0.4171319305896759,238.4772659279406,0.00874977558851242,0.056859105825424194,0.01564808189868927,0.4733637906610966,0.0,0.0,0.0,0.9129890240728855,0.1770220696926117,2206.282732076943,2884.7501929994905,130.751609984449,2205.96073102206,0.32200105488300323,239.11514086648822,1967.1675912104547,3704512512,3971080192,52091356,88815358,55667712,213909504,81502208,213909504,,,,,647.4777208641171,
57,LiteDARE-Full-ContactAware,5703062,2,none,60,0.9732508053715568,0.0,26888,0,16.9442720413208,972.1277294158936,0,0,0,0,0,0,False,0,False,False,16.492422103881836,16.492422103881836,16.492422103881836,0,0,0,0,0,0,0,2,[],False,2208.8372367434204,0,0,0,0,0,0,0,0,0,0,0,0,0,0,0.34127291291952133,0,0,0,0,0,0,0,0.4490078426897526,0.18633296713232994,225.51278723403811,98.47948281094432,1290.337226819247,70.65133610740304,1.0317601263523102,281.19530202820897,0.17100805416703224,0.23224996402859688,0.19558193162083626,0.42087212204933167,237.3310262337327,0.008241739124059677,0.05571544170379639,0.016978010535240173,0.4977169446647167,0.0,0.0,0.0,0.937984324991703,0.16775913536548615,2208.8372367434204,2889.8377179939416,130.83072260473787,2208.5005682893097,0.3366684541106224,240.25407433509827,1968.583162408322,3704512512,3971080192,53594257,90314963,55667712,213909504,81502208,213909504,,,,,645.1686134096235,2.3065940476953983
57,LiteDARE-Full-ContactAware,5703062,2,none,61,0.9732508053715568,0.0,26888,0,19.313708305358887,991.4414377212524,0,0,0,0,0,0,False,0,False,False,21.540658950805664,21.540658950805664,21.540658950805664,0,0,0,0,0,0,0,2,[],False,2210.0515365600586,0,0,0,0,0,0,0,0,0,0,0,0,0,0,0.3939419984817505,0,0,0,0,0,0,0,0.4691658541560173,0.196011271327734,248.13418928533792,100.16560694202781,1297.7157309651375,67.79148709028959,0.9832922369241714,255.75178069993854,0.17680088058114052,0.306188128888607,0.23180805146694183,0.4086648114025593,237.40216298028827,0.007124152034521103,0.05207909271121025,0.015012919902801514,0.48518506810069084,0.0,0.0,0.0,0.9008562192320824,0.17342809587717056,2210.0515365600586,2890.088544001628,130.77018776222957,2209.732889197767,0.3186473622918129,238.04263584315777,1972.0089007169008,3704512512,3971080192,53623368,90345770,55667712,213909504,81502208,213909504,,,,,648.8578654825687,
57,LiteDARE-Full-ContactAware,5703062,2,none,62,0.9732508053715568,0.0,26888,0,16.9442720413208,1008.3857097625732,0,0,0,0,0,0,False,0,False,False,32.0,32.0,32.0,0,0,0,0,0,0,0,2,[],False,2177.510448731482,0,0,0,0,0,0,0,0,0,0,0,0,0,0,0.4311618395149708,0,0,0,0,0,0,0,0.47185271978378296,0.1935381442308426,234.4999467022717,96.58778831362724,1274.9043838120997,69.953846745193,1.162735279649496,253.73211922124028,0.18644705414772034,0.3493689000606537,0.2952790819108486,0.4430836997926235,244.40428894013166,0.007768161594867706,0.05449261516332626,0.015965662896633148,0.6235167384147644,0.0,0.0,0.0,1.0695126838982105,0.182420015335083,2177.510448731482,2862.5112070003524,131.45797801649678,2177.1846786141396,0.3257701173424721,245.14265172183514,1932.367797009647,3704512512,3971080192,55130716,91851698,55667712,213909504,81502208,213909504,,,,,637.4521919060498,
57,LiteDARE-Full-ContactAware,5703062,2,none,63,0.9732508053715568,0.0,26888,0,16.0,1024.3857097625732,0,0,0,0,0,0,False,0,False,False,48.0,48.0,48.0,0,0,0,0,0,0,0,2,[],False,2872.6974087767303,0,0,0,0,0,0,0,0,0,0,0,0,0,0,0.4398631863296032,0,0,0,0,0,0,0,0.4698769189417362,0.1999582163989544,280.5733997374773,760.7387998141348,1266.8629889376462,73.65276711061597,0.9326031431555748,249.05222095549107,0.17550215125083923,0.3611580468714237,0.26143668219447136,0.4080338403582573,238.6795887723565,0.007534865289926529,0.05296524614095688,0.015364028513431549,0.4520490765571594,0.0,0.0,0.0,0.8442630060017109,0.17183786258101463,2872.6974087767303,3556.5090050004073,123.80381567980257,2872.368334326893,0.3290744498372078,239.34905929490924,2633.348349481821,3704512512,3971080192,55187483,91908578,55667712,213909504,81502208,213909504,,,,,633.4314944688231,
57,LiteDARE-Full-ContactAware,5703062,2,none,64,0.9732508053715568,0.0,26888,0,19.313708305358887,1043.6994180679321,0,0,0,0,0,0,False,0,False,False,58.24087905883789,58.24087905883789,58.24087905883789,0,0,0,0,0,0,0,2,[],False,3062.8127520903945,0,0,0,0,0,0,0,0,0,0,0,0,0,0,0.5017812363803387,0,0,0,0,0,0,0,0.5097938701510429,0.24286704137921333,346.7431329190731,867.3909958451986,1322.472456842661,76.7461103387177,0.8579641580581665,206.20152819901705,0.18909526988863945,0.3899969160556793,0.27697673067450523,0.43068593367934227,240.02481112256646,0.008056871592998505,0.051822979003190994,0.015333760529756546,0.41667092591524124,0.0,0.0,0.0,0.7753819227218628,0.1854938454926014,3062.8127520903945,3741.561577000539,122.160963788821,3062.4764151871204,0.3363369032740593,240.7324737869203,2822.080278303474,3704512512,3971080192,55370127,92090056,55667712,213909504,81502208,213909504,,,,,661.2362284213305,
57,LiteDARE-Full-ContactAware,5703062,2,none,65,0.9732508053715568,0.0,26888,0,16.0,1059.6994180679321,0,0,0,0,0,0,False,0,False,False,64.49806213378906,64.49806213378906,64.49806213378906,0,0,0,0,0,0,0,2,[],False,2371.528869960457,0,0,0,0,0,0,0,0,0,0,0,0,0,0,0.462858472019434,0,0,0,0,0,0,0,0.4576919600367546,0.21807290613651276,441.57440308481455,104.46540778502822,1287.2669496573508,73.4767890535295,0.9172651916742325,233.13706973567605,0.18098996952176094,0.3581196069717407,0.2651331014931202,0.40264101698994637,228.44860004261136,0.0076177529990673065,0.0521661713719368,0.014989171177148819,0.44520385563373566,0.0,0.0,0.0,0.8328151889145374,0.17731403931975365,2371.528869960457,3030.6846329986,127.7945493891092,2371.1691331118345,0.3597368486225605,229.11637416109443,2142.4124957993627,3704512512,3971080192,57074239,93794166,55667712,213909504,81502208,213909504,,,,,643.6334748286754,
57,LiteDARE-Full-ContactAware,5703062,2,none,66,0.9732508053715568,0.0,26888,0,12.9442720413208,1072.643690109253,0,0,0,0,0,0,False,0,False,False,54.4058837890625,55.71355438232422,55.71355438232422,0,0,0,0,0,0,0,2,[],False,3004.2879497632384,0,0,0,0,0,0,0,0,0,0,0,0,0,0,0.43365126475691795,0,0,0,0,0,0,0,0.43705012649297714,0.1951390877366066,326.5131930820644,806.3149177469313,1312.777963001281,84.89127457141876,0.9783837012946606,221.6924107633531,0.16908999532461166,0.3482033498585224,0.2735573798418045,0.43677305802702904,248.94145131111145,0.00774068757891655,0.05394406616687775,0.015452969819307327,0.486559234559536,0.0,0.0,0.0,0.8954182267189026,0.16538798809051514,3004.2879497632384,3693.182358998456,122.93037221313983,3003.9694071747363,0.31854258850216866,249.65178174898028,2754.636168014258,3704512512,3971080192,57086000,93807712,55667712,213909504,81502208,213909504,,,,,656.3889815006405,
57,LiteDARE-Full-ContactAware,5703062,2,none,67,0.9732508053715568,0.0,26888,0,16.0,1088.643690109253,0,0,0,0,0,0,False,0,False,False,52.15361785888672,52.15361785888672,52.15361785888672,0,0,0,0,0,0,0,2,[],False,2194.569991901517,0,0,0,0,0,0,0,0,0,0,0,0,0,0,0.4125642590224743,0,0,0,0,0,0,0,0.45700930058956146,0.20003179088234901,257.02049070969224,105.65053718164563,1270.9502629004419,75.18090680241585,0.9592520073056221,235.67761201411486,0.1857769675552845,0.3197798505425453,0.2614399418234825,0.3999168984591961,246.97460606694221,0.007964670658111572,0.05191005766391754,0.016188248991966248,0.47834496945142746,0.0,0.0,0.0,0.8717752061784267,0.18171966075897217,2194.569991901517,2875.956871001108,131.0487649796575,2194.2376224324107,0.33236946910619736,247.6359629072249,1946.934028994292,3704512512,3971080192,58594339,95316091,55667712,213909504,81502208,213909504,,,,,635.4751314502209,
57,LiteDARE-Full-ContactAware,5703062,2,none,68,0.9732508053715568,0.0,26888,0,16.0,1104.643690109253,0,0,0,0,0,0,False,0,False,False,44.18144226074219,44.18144226074219,44.18144226074219,0,0,0,0,0,0,0,2,[],False,2262.355555780232,0,0,0,0,0,0,0,0,0,0,0,0,0,0,0.4219282418489456,0,0,0,0,0,0,0,0.45564910396933556,0.20918529480695724,284.73799768835306,102.93234931305051,1309.5755986869335,75.10955398902297,0.8999956771731377,235.38526985794306,0.17383089289069176,0.3249901346862316,0.25834981352090836,0.4066457040607929,251.5432434156537,0.007752794772386551,0.05245581269264221,0.01557590439915657,0.43345196172595024,0.0,0.0,0.0,0.8114250376820564,0.1700008288025856,2262.355555780232,2936.902116998681,129.8161161933635,2262.012659572065,0.3428962081670761,252.2082389332354,2010.1473168469965,3704512512,3971080192,60104431,96825750,55667712,213909504,81502208,213909504,,,,,654.7877993434668,
57,LiteDARE-Full-ContactAware,5703062,2,none,69,0.9732508053715568,0.0,26888,0,16.0,1120.643690109253,0,0,0,0,0,0,False,0,False,False,37.947330474853516,37.947330474853516,37.947330474853516,0,0,0,0,0,0,0,2,[],False,2290.6452757306397,0,0,0,0,0,0,0,0,0,0,0,0,0,0,0.4667541943490505,0,0,0,0,0,0,0,0.5033509805798531,0.24183699861168861,307.1165760047734,106.72866879031062,1298.4450780786574,74.53809818252921,0.8635949343442917,251.4148042537272,0.1861262135207653,0.33822376281023026,0.24327915161848068,0.4133055917918682,249.2581782862544,0.008021015673875809,0.054141972213983536,0.015822704881429672,0.40839100256562233,0.0,0.0,0.0,0.7767840288579464,0.18245773389935493,2290.6452757306397,2960.14092599944,129.22738222989386,2290.2911212295294,0.3541545011103153,249.91476302966475,2040.730512700975,3704512512,3971080192,60158000,96883118,55667712,213909504,81502208,213909504,,,,,649.2225390393287,
57,LiteDARE-Full-ContactAware,5703062,2,none,70,0.9737213595395808,0.0004705541680239955,26901,13,16.0,1136.643690109253,0,0,0,0,0,0,False,0,False,False,37.947330474853516,37.947330474853516,37.947330474853516,0,0,0,0,0,0,0,2,[],False,2524.2527169175446,0,0,0,0,0,0,0,0,0,0,0,0,0,0,0.4187370650470257,0,0,0,0,0,0,0,0.4614349454641342,0.207558274269104,351.95497004315257,303.06927394121885,1276.5247309580445,83.77761393785477,0.9692572057247162,258.9149479754269,0.19910000264644623,0.3142370842397213,0.24075107648968697,0.4245098680257797,244.35341078788042,0.0073481351137161255,0.0506802462041378,0.015901867300271988,0.4749530926346779,0.0,0.0,0.0,0.8820598013699055,0.19513722509145737,2524.2527169175446,3198.848759995599,126.72458421286072,2523.9121401682496,0.34057674929499626,247.51901580020785,2276.7337011173368,3704512512,3971080192,61727801,98450883,55667712,213909504,81502208,213909504,,,,,638.2623654790223,2.500344067811966
57,LiteDARE-Full-ContactAware,5703062,2,none,71,0.9934484381221269,0.019727078582546076,27446,545,16.0,1152.643690109253,0,0,0,0,0,0,False,0,False,False,37.947330474853516,37.947330474853516,37.947330474853516,0,0,0,0,0,0,0,2,[],False,2254.756425973028,0,0,0,0,0,0,0,0,0,0,0,0,0,0,0.4251338541507721,0,0,0,0,0,0,0,0.46470528468489647,0.2126120962202549,328.4169132821262,110.19235476851463,1251.8005236051977,78.2505408860743,1.066403929144144,237.2627118602395,0.18046563491225243,0.31808018684387207,0.2310546115040779,0.42153801769018173,245.61511585488915,0.007865019142627716,0.05279015749692917,0.015952158719301224,0.5306042730808258,0.0,0.0,0.0,0.9775282815098763,0.1766798086464405,2254.756425973028,2973.3583769993857,131.87049131997702,2254.433020018041,0.3234059549868107,246.2677084840834,2008.4887174889445,3704512512,3971080192,61740922,98463626,55667712,213909504,81502208,213909504,,,,,625.9002618025988,
